1998

0 344 

65569 49284 
82736 51066 
84258 84262 
2840 35740 
36198 86281 
20747 20760 
69993 37692 
4956 37883 
5609 71224 
87832 22402 
39125 71999 
39497 39609 
89020 89237 
40320 40361 
7765 24577 
24937 41375 
25002 9648 
26098 75426 
26427 26549 
43088 75919 
10454 59806 
44651 94789 
45707 95007 
13394 30173 
79549 79633 
31179 64374 
15308 64491 
81140 64792 
48492 32398 
81650 98108 

1 31074 

341 65967 82476 66196 82595 33596 911 942 99302 99579 83334 17982 67242 34491 67432 34686 67503 51214 34924 35079 84326 35636 19785 19910 85758 85802 69436 3965 4063 4717 70309 21451 54221 54428 38065 70995 87629 22118 6369 71988 6481 72238 23162 72319 6823 72409 73000 23883 73037 40354 40423 56888 57212 8138 90357 57620 57899 8767 74355 74401 25515 74709 91451 9715 9772 42563 58982 59006 9956 26360 26836 43342 10606 27309 27572 76876 44115 77139 11619 44828 44850 12126 94064 28540 45232 45331 94734 45676 62168 45861 62303 78745 29664 30064 30473 14366 96304 63706 63894 80700 48256 32007 81239 48588 48994 98232 32748 

2 275 


3 27478 

65870 49987 34321 51690 70432 88157 56219 57078 8225 24660 24728 91766 59379 10833 60993 77474 45698 95077 46781 64312 97504 65104 16197 

4 42 


5 14231 

65549 49541 431 16923 66255 49955 932 33869 34766 18577 51905 19595 20404 20570 86176 86775 39666 56136 72949 57222 57357 73945 8845 41828 42231 58687 10004 43057 92362 43305 10659 27270 43727 76551 11212 11468 11709 93814 77811 28876 12889 95323 95536 79573 96370 30984 96635 80449 15915 

6 978 

65861 
16883 
603 
98996 
706 
17115 
82678 
99129 
66588 
1215 
17680 
1296 
66902 
99714 
66977 
34471 
1864 
51385 
84293 
51569 
51879 
19250 
35634 
68468 
3206 
86113 
37017 
20719 
20906 
4877 
87087 
21631 
70901 
5388 
71063 
38492 
71261 
71760 
55429 
88286 
39912 
73283 
89777 
90031 
90062 
90160 
8392 
8425 
41214 
74200 
8758 
57958 
41606 
41813 
41939 
58628 
75375 
59034 
75548 
75741 
10413 
43498 
60033 
76497 
27370 
93019 
27726 
44497 
77516 
45038 
45208 
45283 
94499 
78414 
45651 
45692 
45857 
62264 
62587 
13472 
95554 
79310 
62950 
63440 
14296 
96428 
30946 
47344 
63736 
31239 
80896 
97295 
97355 
15454 
48314 
15548 
48347 
32042 
81478 
97951 
81631 
65475 

7 29482 

41 

8 743 

82484 
82705 
2115 
18722 
85648 
20207 
20295 
36825 
37272 
37429 
21088 
54156 
54672 
71119 
5627 
5922 
38706 
22889 
88631 
39499 
39869 
24816 
24837 
8459 
8887 
92132 
92210 
43266 
92699 
11629 
77488 
78222 
94808 
13591 
79783 
14770 
80647 
31837 
64825 

9 98075 

81966 32854 173 65817 514 66171 33568 82756 33705 99318 82960 50195 66617 83145 34109 99786 67062 83550 83735 34876 67670 34904 18541 51321 35113 35185 68009 18876 84448 35415 68303 3031 35964 52348 36073 52622 85545 3648 52966 36767 4313 86257 4353 86412 53662 70139 4642 53797 86580 37557 86743 37693 5166 38187 5628 87715 22235 22237 71472 71547 22474 55358 39073 71914 55551 88690 39542 39568 6826 88820 23328 89006 23607 56465 23739 56539 40184 89347 89455 23986 89639 57093 89918 24399 40807 73617 73686 24588 41180 8652 25133 25401 74583 74602 74692 58596 58620 75147 91751 26391 26394 26449 42885 26706 43180 92534 27308 27310 10935 43714 76487 44055 93231 60681 60825 93646 77378 93904 28409 28711 28842 94398 94503 94776 13126 29811 95622 79284 30223 13871 79440 30340 63317 96388 63635 80119 63758 96567 31254 80423 64039 97035 80709 80711 48017 48058 97214 48420 48448 97647 64985 48647 48680 65116 81641 48909 98293 

10 410 


11 23530 

35 

12 526 


13 61010 

62 

14 176 


15 8085 

49 

16 996 


17 85895 

75 

18 121 

70 

19 56608 


20 647 

21 

21 76535 

99 

22 603 

16422 
33007 
98823 
637 
49952 
33948 
83228 
83651 
51233 
18711 
19288 
3205 
68746 
36171 
68967 
52597 
69487 
85921 
20734 
20855 
70364 
70458 
87083 
38038 
21717 
70881 
54888 
87687 
22404 
38989 
39082 
23185 
72556 
89126 
23808 
56753 
7693 
73465 
73520 
8115 
73663 
8148 
8201 
57460 
90649 
58033 
9521 
9756 
43126 
43149 
59565 
59581 
43319 
26971 
43438 
92716 
60496 
60606 
61095 
44776 
93946 
94092 
94100 
61734 
78159 
61849 
62064 
13592 
62910 
95818 
96221 
47152 
47237 
80015 
14496 
47869 
97060 
64609 
48229 
48659 

23 86663 


24 478 


25 70780 


26 2 

32844 352 
98816 66147 
869 871 
82871 1002 
82962 50223 
83195 83401 
34410 51473 
51720 68297 
68694 85093 
68736 3309 
69049 19918 
3883 53177 
20466 69787 
37320 4591 
53793 86576 
37563 37874 
5463 38457 
55020 38648 
71522 71858 
71900 88290 
88313 39231 
72006 55799 
72244 23157 
39571 39929 
56415 7450 
56788 57406 
8418 8501 
74106 74206 
74403 25313 
90966 25565 
42189 59032 
26415 10169 
75725 59641 
76061 26943 
76383 43624 
60024 92925 
27518 93099 
44003 93362 
93743 44622 
77674 94078 
77721 94150 
28619 12242 
94388 61748 
78443 45778 
94983 95132 
78932 13632 
30263 79423 
79557 96132 
14245 96272 
14558 96646 
47516 63924 
64346 64350 
80905 97545 
48564 32403 
32459 32574 

27 835 

98323 32988 
98526 49385 
404 49562 
65996 66163 
17174 33655 
82912 1009 
99468 83110 
83203 34122 
83291 66969 
34587 34710 
83956 18581 
18616 67830 
84382 68065 
51989 84825 
52154 3144 
36084 69041 
20135 53044 
53116 36739 
53164 85954 
36881 36940 
37025 53530 
86459 53749 
37452 70236 
53913 87293 
38658 55134 
71578 39010 
39026 88198 
39117 55543 
72011 55734 
88539 23075 
6755 6939 
89127 7472 
89488 40683 
89864 8008 
73564 24432 
73621 73851 
57540 24774 
41268 74201 
25337 74513 
9076 41916 
74733 42522 
75360 9965 
91900 59372 
26629 10329 
92277 26991 
43474 43526 
27209 76442 
92879 27389 
43785 27473 
93325 28102 
12241 77821 
77922 45312 
28947 12604 
45401 29027 
45419 12745 
45536 94809 
78433 45712 
62117 94941 
95022 13107 
45968 29597 
13247 62406 
29831 62664 
79241 13852 
79448 95932 
79574 79618 
30562 47019 
47021 96943 
80567 64273 
80781 48013 
15381 64663 
97529 97557 
15649 15777 
64936 32397 
16048 81634 
65283 32526 
16276 49061 
65462 

28 76907 

16396 32833 16513 49302 82088 82143 49427 49497 82302 98775 98799 49684 98927 66298 66367 82750 82757 66383 17261 99184 66446 33681 50081 17411 99439 66679 99471 17749 66914 50562 50597 67015 34274 1533 99857 1558 99886 67158 1648 99980 1772 34651 34897 67736 84159 84257 2341 18726 51541 84321 18849 68013 2487 68104 51739 19001 68197 68226 84701 51982 84777 84797 84934 3018 3103 19687 85233 52470 52503 85321 52555 69011 19947 20011 36396 69244 36625 85941 69609 69705 69824 69838 53563 4490 53689 53715 4677 21076 70286 53932 70474 70524 21375 70565 86960 87005 54239 21488 5184 21764 70938 87377 5507 5523 54778 87570 22048 54841 22144 38586 22255 38696 5966 5980 71546 22473 88013 38868 88181 71890 71966 88552 72190 39506 23201 88750 23248 72418 39664 23295 39790 23481 39893 72691 23572 56383 7316 56469 23748 7379 7477 56653 40294 73080 7596 40367 24000 56785 7865 7935 40729 40792 24427 89995 90029 73671 24549 40956 41044 24896 24927 74111 41394 90561 25046 25116 74377 25259 8898 8911 74448 25364 41789 90990 9125 91047 58292 58387 25701 42092 25738 58712 42337 91541 91652 75324 42684 59093 26347 10064 10095 10146 75703 10194 92120 42974 10216 26685 59570 43201 26835 59626 59649 10516 10528 92465 10622 43416 43425 43434 10825 43649 27469 11130 60387 60408 28051 93608 77228 44516 77391 28238 93824 77477 93920 44812 61285 12149 94200 61462 28707 61610 78056 61696 12563 28980 61949 78399 45635 12868 94909 62146 29384 94973 78665 78736 62455 46159 13460 30130 95750 30398 63251 79647 96039 79725 14199 46984 47054 96236 30800 96358 30972 63761 47421 96795 14974 64175 64178 64207 80625 97215 15316 64508 15406 15573 64857 48494 48532 15789 32212 97791 48683 65204 32440 81670 16153 32704 32714 16345 32734 

29 52 

32879 
32884 
33018 
16796 
98732 
98942 
49832 
66233 
33509 
99081 
33574 
66345 
904 
33708 
17359 
17366 
99465 
83216 
1427 
34297 
67091 
99874 
17979 
67166 
34495 
51149 
67914 
35304 
35308 
2678 
84714 
84730 
35670 
52284 
85095 
85405 
36262 
36281 
69423 
3910 
69574 
36911 
36973 
69747 
20766 
20810 
53751 
70162 
37475 
4755 
4781 
53988 
54128 
54218 
86987 
5301 
87296 
21845 
71210 
38494 
54993 
71558 
55248 
6150 
6254 
55427 
6386 
55585 
55609 
6695 
55961 
72632 
56299 
7225 
23749 
72925 
7417 
7638 
24094 
56867 
89661 
73443 
24346 
90073 
90149 
41061 
57721 
24960 
74207 
57844 
8722 
90787 
8912 
74559 
9121 
58288 
74750 
25729 
74984 
42229 
58660 
91544 
58850 
59050 
42903 
59307 
10419 
92385 
27555 
93375 
93397 
11581 
28008 
28042 
60953 
28268 
77550 
28436 
61449 
45192 
61577 
45246 
45342 
78163 
94907 
62179 
29478 
46452 
63040 
30311 
63385 
79817 
79912 
63569 
30818 
31181 
80350 
63986 
64441 
15369 
97409 
64679 
15606 
15714 
32126 
32183 
48757 
32725 

30 26268 

47 

31 474 


32 99090 


33 261 

16423 211 
16728 98779 
99086 17193 
66448 99260 
17375 83363 
67038 83800 
18461 35021 
35473 84988 
68766 19625 
68799 52499 
85279 52583 
52611 52625 
52830 52982 
53012 69561 
37060 37187 
70013 4661 
21089 70580 
5233 21778 
5526 54767 
71191 71492 
71646 55456 
6371 88468 
23170 39805 
56522 89290 
40155 40205 
7891 24360 
57322 90258 
8838 8874 
41658 26489 
27059 76291 
27381 43795 
93117 76924 
60593 44291 
77534 77638 
12165 28574 
94639 62033 
29301 62457 
78922 13503 
29988 62760 
96040 63409 
80024 96777 
80396 31542 
80930 48401 
15741 97781 
15869 81447 
15925 48973 
49041 

34 21772 


35 461 

16452 65946 
82338 49775 
34218 50728 
18725 84426 
68058 68105 
51771 68563 
84974 53047 
21705 38241 
39039 39543 
72904 57154 
90139 74113 
25163 41820 
42135 91447 
91910 26763 
27316 11456 
60657 60891 
12790 63234 
14888 97001 
47924 

36 43167 

82044 49631 17050 761 33529 83129 99572 83468 50717 99871 50997 67521 83923 34913 34914 51332 18786 2530 51770 68499 3111 52660 36359 69144 36397 69259 36700 4130 53314 4703 21172 53943 53995 54183 5118 21605 21752 5440 5594 38769 22848 22930 55733 56089 6952 72709 89227 72915 23793 7480 40497 89712 73390 73737 90197 74020 74193 25170 8799 41708 9027 58355 9237 42179 58731 42455 58928 91719 9844 9922 42760 75542 59299 75700 43006 92181 26717 75892 76127 76189 60227 60332 77025 77120 77137 28001 28310 61251 28604 94571 78231 94679 61964 13027 29660 30008 79168 79878 47408 47628 15078 64416 48199 15438 97405 31962 48445 97658 97710 48880 32618 

37 636 

17020 
33626 
17309 
66558 
17473 
1784 
83732 
34827 
18523 
51339 
51432 
67964 
35279 
51667 
2623 
2750 
2934 
35730 
2980 
19408 
19425 
68745 
52479 
19755 
36144 
19991 
3613 
3636 
20429 
53382 
53473 
37277 
70172 
53808 
86880 
54185 
54208 
70614 
87002 
54388 
87161 
54446 
70850 
5386 
21779 
71069 
38765 
38980 
22659 
23193 
39705 
23387 
89009 
39885 
23687 
72936 
23814 
24335 
57294 
24528 
90133 
57376 
41059 
90312 
57746 
41534 
42003 
25770 
9633 
42686 
91923 
75793 
76001 
26877 
76238 
92689 
93158 
27660 
76978 
44239 
60641 
27939 
60879 
77355 
77354 
61106 
77506 
12033 
77596 
61238 
61357 
45049 
12421 
12508 
78226 
61885 
12770 
94750 
29231 
62084 
78517 
29429 
13450 
46219 
13491 
30020 
63056 
95852 
13953 
30507 
14527 
14585 
31083 
31149 
31217 
48089 
80865 
15506 
64665 
15544 
15580 
64881 
15755 
65152 
81541 
81818 
49060 

38 9150 


39 881 


40 28631 


41 509 

65584 49236 
98598 49471 
33445 17190 
99124 99339 
1168 66759 
66888 67008 
34419 67237 
83669 1753 
67370 51288 
18775 68037 
2536 84636 
68357 68373 
52215 3126 
85087 85171 
19824 69529 
69671 69847 
86374 70110 
86641 86837 
70506 86900 
21469 71045 
54689 71563 
38919 71827 
6341 22816 
39216 23042 
7128 7148 
72700 23669 
89277 56543 
40203 40210 
7478 24018 
89721 57251 
57320 24585 
90207 24687 
24757 90521 
90638 25125 
90708 57995 
41671 74574 
25451 25453 
58272 41942 
25798 58657 
91631 9924 
59119 42876 
10162 92165 
59606 10803 
10858 27494 
60371 11261 
93388 93552 
44491 94235 
28721 94313 
61796 45568 
45841 95599 
30224 63038 
46839 80139 
14690 80395 
31444 97000 
15378 15666 
32114 48554 
15802 81373 
81393 81430 
32327 15947 
32520 65467 

42 31548 


43 359 

82163 
33777 
83364 
84733 
54313 
5175 
71181 
38572 
22702 
39409 
7785 
76263 
43520 
11373 
95533 
80456 
15264 
97729 
32315 

44 99402 

15 

45 584 


46 23607 

17330 17636 1804 85126 70897 72703 75226 43182 77021 61303 78105 94715 

47 844 

49203 50085 
50207 66660 
66731 50431 
17783 1475 
17864 18023 
83642 83759 
18964 84682 
51959 68594 
85006 85044 
19662 52618 
85565 52814 
86077 53593 
86435 4738 
37612 21288 
54115 54163 
54245 87020 
38122 70936 
38223 71029 
21968 71223 
22127 87770 
55241 55318 
55459 55485 
22721 39174 
39265 39348 
72153 39581 
39640 72419 
7041 7321 
73029 40371 
73350 57102 
73766 8300 
24779 57709 
57761 74346 
90773 25281 
74453 41787 
41829 41846 
25557 42076 
75007 58919 
42600 59120 
75504 91969 
92034 42922 
10440 92436 
76120 27046 
76225 43464 
76254 59941 
60063 76465 
92952 27506 
43989 11857 
44921 61306 
94128 45120 
61726 29008 
78280 45693 
78670 78835 
62617 13696 
13769 46646 
79634 96058 
14260 96378 
63717 80124 
14595 31081 
47573 64020 
15156 97184 
48034 64440 
97314 31825 
48212 81095 
97601 64854 
15706 65176 
65191 98010 
98062 65413 

48 87101 

65578 81992 32862 16563 98490 270 742 82741 17252 99200 99243 66533 17457 66634 34011 1244 99560 50438 66831 17797 17902 17948 17954 1620 18237 83985 84076 51348 67804 2355 18772 35470 35502 52075 84842 68485 52103 52117 68527 35819 85100 85113 3361 52601 3589 20144 20182 36602 20364 20571 69841 86267 4413 4518 37744 5012 70577 87088 5293 5311 54465 70896 70955 21957 21997 38509 38659 22390 6068 38848 22552 55344 71738 55589 88356 6631 55805 39476 72257 39748 23848 7547 89507 40871 73771 8361 24916 41615 41629 58132 25383 74548 90955 58271 74666 58397 91189 58558 25800 25859 25872 91551 58811 91710 75363 42621 91789 91896 91967 26620 75985 92546 27067 43480 92734 76493 43754 11111 43918 27548 76739 27733 77038 27889 11592 44369 77181 11680 77279 44811 44863 44916 12163 94329 12431 45270 12603 78328 12854 78466 45959 95115 46167 95375 29867 62683 79490 79594 79638 14150 96194 96392 96566 97266 97322 81108 64754 97583 98026 16259 98249 

49 639 

37 

50 87812 

16660 33726 1133 1718 2166 68122 85302 85498 53386 55610 89682 90790 41818 58204 74663 25784 9829 59146 75544 10667 92706 76393 76559 76728 27683 93732 61177 44855 94496 29227 45718 13406 30335 47847 97042 31546 

51 245 

22 

52 69003 

16404 16432 65614 170 65739 16624 16682 343 82418 98814 98999 82819 99245 50095 975 33748 82904 17421 99615 99719 17821 34243 17885 83439 34296 1681 34469 50868 1802 67525 18390 18408 18414 83950 35055 67840 2368 67906 84511 84553 19155 2940 19434 52248 52321 68767 3254 85291 19763 69003 85423 69039 20065 85787 36832 36981 20666 37067 37242 70059 37291 70065 86537 4671 86869 21402 54288 70717 38009 38099 54538 38242 38287 5554 54842 71266 54893 38541 54973 6140 22720 39197 71974 72027 6732 72358 23209 88888 23460 56523 56528 56568 40233 56745 73238 7833 89757 7852 73412 24368 73642 24541 8405 74050 57688 8580 90620 57969 90862 90949 41867 25535 25567 9232 91341 91350 74995 58857 42656 42702 42901 26651 75815 43209 43418 10717 76283 27136 43567 43696 92919 60353 76870 44535 44570 77370 28323 12060 28956 28966 45596 95063 45986 95171 62530 29835 95455 29958 30254 30341 63144 46765 63303 96135 63443 96483 63802 63890 64012 31534 47985 97473 15720 48539 32168 81375 32292 97852 48769 49079 

53 578 

23 

54 99175 

10 

55 985 

51567 84698 
3496 69374 
4723 72088 
55917 77430 
16211 

56 28686 

14 

57 211 

32771 
82034 
32894 
33441 
50205 
33836 
99659 
66954 
83502 
18119 
18738 
2709 
52165 
3201 
4092 
4455 
21064 
86628 
37636 
4884 
5504 
54673 
38442 
71359 
71379 
38640 
55182 
6043 
38930 
88146 
71975 
23032 
56184 
39955 
23604 
7251 
89242 
73001 
73071 
89489 
56854 
7937 
24379 
24698 
8328 
90372 
57683 
41419 
74235 
58561 
91672 
9890 
26428 
42855 
59500 
43308 
92480 
27006 
60046 
76535 
76615 
27521 
93234 
44094 
44309 
77113 
44360 
44710 
77499 
93899 
61231 
45015 
77871 
45190 
61574 
12468 
78042 
29284 
62079 
29404 
62344 
29602 
13273 
13621 
95571 
30140 
63058 
30310 
96055 
80158 
63789 
47418 
14741 
47576 
15048 
15152 
97276 
64548 
97378 
31907 
81123 
81187 
81345 
81386 
15917 
15997 
16161 
48956 
98146 
81835 

58 28421 

32822 32824 98394 98400 65649 190 98494 33000 82177 16692 49472 334 82301 82300 389 33194 65965 33250 497 33296 569 98882 595 17010 66189 33427 99024 66329 49947 50051 927 995 17441 17447 1080 50245 66695 17578 17589 99516 33997 66777 99557 66790 34107 66894 17769 17792 83561 99947 34459 67245 1758 18168 18174 1803 67365 50986 51049 34700 18329 51115 18392 34818 84028 34917 51340 67732 2224 35010 2243 18739 18743 67921 2473 68052 68081 51741 18979 68149 35467 51878 35516 51910 68332 35601 84762 19254 84790 2939 84879 19388 68562 19440 19473 85194 36120 85316 36172 19788 19871 36301 52723 69129 69163 3660 36441 52848 52851 85628 85689 36546 69344 20237 36662 36701 53096 69498 4141 4201 37057 4304 20700 37089 69866 69879 86301 53568 20816 37206 37209 37225 4628 86559 4686 70226 37489 37559 53967 53974 86819 70435 37764 5029 5130 37900 70672 37909 37964 70773 38049 87208 70859 87285 5403 87333 54622 38239 38272 87427 71115 71258 54883 54889 87780 5862 55050 22290 71580 88001 71640 38881 6123 22524 88073 55316 6174 88128 22596 71776 88182 71864 6374 6432 88367 39249 55653 55696 6567 88488 55735 39376 72175 55794 88627 6746 39548 55940 88736 88753 88759 23243 56054 6902 23293 72450 23322 88863 72482 23332 7007 39839 88997 89041 23506 56289 56291 89101 72735 7218 40025 89182 72935 73026 40264 73044 7510 73123 40499 40506 40564 7849 57034 24271 7916 73529 73548 73610 57258 8154 90084 24563 41058 24717 90272 41166 73947 90337 24805 41194 57626 74025 8495 41263 24891 24911 41298 24939 74116 41387 74168 74189 8679 25065 90639 57893 41536 25153 90767 58034 41662 58047 41692 25309 25312 25441 25456 41845 74637 58302 42044 25709 42094 74958 9464 75044 9558 42339 91502 42385 9617 26009 58779 58789 91588 42500 26118 26156 75335 9826 26298 9930 75486 26362 91938 42866 75663 59371 26622 59417 43037 59508 75896 59580 75973 75980 26843 59614 43236 92388 76060 43330 43404 92564 59855 43494 10795 27232 10896 76433 60053 43687 27331 11031 76576 43835 92991 43911 76727 76815 76823 11416 44212 44223 77047 93442 77095 44454 77231 93618 28093 28110 28138 77363 11840 61052 11902 28327 28341 28346 44735 44778 77655 12124 28557 61358 77801 94244 77892 45139 77942 28791 77949 45254 94415 12548 28976 94522 61810 29173 94711 45577 45617 78390 45629 29253 78411 45678 62066 62067 45684 62075 62089 12977 62142 62157 45788 94951 78583 62231 45851 29480 62255 29570 29598 46116 13400 46212 95369 13473 46249 46276 46292 46329 29964 13652 13664 95689 30153 79311 46544 13818 95797 95840 13967 46743 14024 95950 96001 63263 14137 96059 63311 96102 47020 63537 47169 14440 14450 96376 63661 80127 47366 47367 30991 80157 31053 96607 80227 31146 63930 14852 96790 80430 14911 80510 47780 47805 80702 64321 97088 80737 31585 47994 31630 15291 31685 64516 48236 48242 48255 48265 15522 81146 15616 15630 32016 97565 15667 15680 15685 97632 15784 48584 97751 81421 48704 15958 15986 16026 65184 48845 65281 65356 48979 48981 98141 65386 65433 49059 32707 16367 

59 803 

16464 
88 
49267 
49589 
98761 
456 
66082 
17373 
33891 
17550 
17927 
34313 
83552 
18570 
2189 
2191 
35034 
51425 
2512 
68071 
52091 
35925 
85269 
20040 
85696 
53005 
20353 
20383 
69658 
20521 
53384 
69961 
37269 
70326 
37753 
37850 
54422 
87240 
87360 
54704 
87498 
87529 
87801 
71606 
6129 
55290 
55997 
56011 
6874 
56222 
7114 
56296 
56398 
40193 
56579 
73091 
40440 
89802 
24609 
57392 
8273 
57426 
57456 
41075 
90283 
41197 
8500 
41466 
58098 
41748 
9005 
9006 
90930 
58489 
25864 
91444 
42545 
9929 
91922 
26640 
92549 
76215 
27082 
60044 
11185 
27625 
60441 
11290 
77010 
27934 
44486 
77781 
45077 
12323 
28840 
78212 
62009 
12877 
94834 
29307 
94960 
30015 
62884 
13741 
79466 
46741 
63138 
79721 
14276 
30716 
79962 
47375 
47401 
31105 
14917 
96963 
47906 
64428 
64469 
80991 
15519 
65108 
81663 
32630 

60 39056 


61 285 

82342 492 
521 66508 
99363 66752 
99761 1500 
83596 34465 
83689 18409 
84025 2310 
51749 35671 
2923 68597 
68663 19593 
52495 68910 
69258 52944 
53041 86013 
69855 20846 
20876 4525 
4602 37483 
37527 37866 
54401 38027 
21679 70965 
22333 38790 
22709 39100 
22735 88844 
39741 23414 
23549 7287 
56705 56709 
24093 7731 
40537 89807 
57207 41086 
24827 25006 
74294 41997 
42042 58589 
25873 42460 
42511 10226 
92205 75842 
92392 43387 
76186 59873 
59924 60188 
76857 76906 
27843 77347 
12012 12543 
29209 94748 
12874 78419 
94947 29503 
62466 79023 
29880 79039 
46310 95543 
46475 79733 
47050 63742 
96770 64078 
31350 31353 
31502 15445 
48339 32281 
48760 48838 
81836 65463 

62 43896 

49521 16780 885 50156 1095 83091 99715 17849 99782 83450 67141 83634 34995 84248 35098 84400 35252 68126 52410 36225 36308 36317 85838 69490 69496 53135 53139 4034 4150 86142 69992 86507 70537 5191 38137 87491 38859 38941 39031 22811 88697 39599 39740 39814 56463 7327 72913 23872 40387 56887 7764 57060 73528 90054 74063 24920 8876 8987 58186 9094 91182 91283 58762 75297 42596 9889 26393 43172 59564 43241 26917 10684 10700 27239 76447 27402 43907 43931 60385 11532 77235 61159 44882 94099 45005 61510 77984 78054 12568 61723 78223 29185 78576 29432 95183 62611 13562 30111 13809 14073 96053 63310 47077 96291 47254 80128 47432 47660 96975 48136 48200 48472 32214 65002 16257 49027 

63 118 

54 

64 93255 

98783 754 99285 99843 84760 35825 85035 19639 85273 85580 52895 86035 53293 4415 54367 54555 22475 39623 40384 89593 24114 73562 8163 73864 58409 42538 26181 92216 43106 10604 60631 44414 28112 60978 28342 44905 28603 77762 78065 95172 62513 13743 96017 64205 97046 97464 97585 81482 

65 517 


66 39036 

32783 98617 33185 16945 33450 66352 66402 33688 17511 66750 66906 34211 1445 50615 34567 51148 2004 51427 2570 35575 51964 68399 68669 35929 3253 52485 36376 69174 20113 85704 3973 85970 86064 20540 86191 37104 20739 4506 86466 54147 54201 37846 22070 22073 22301 22405 6154 6157 55331 88112 22813 6955 89114 89303 23996 40386 40780 73606 73696 73806 41091 8461 24954 8783 25217 25356 25449 74992 58795 75451 42709 59134 10017 10106 76150 10657 43732 27677 11362 11478 93470 11756 11824 28228 77756 45040 45087 94264 45127 61842 94744 45631 78455 62284 29554 29741 95283 46151 95657 30414 79723 30587 63632 63813 47483 80257 63889 31155 47601 14875 31451 15401 97338 15422 15464 48360 81155 97571 81230 16242 

67 252 


68 71122 

83 

69 169 

12 

70 10893 


71 216 

82707 
17779 
99859 
18298 
34974 
2500 
68289 
86886 
54181 
21867 
55720 
23335 
7647 
73215 
9327 
59448 
11011 
11480 
28502 
77673 
44973 
46138 
96649 
15498 
49006 
81791 

72 8642 


73 802 

32835 98414 
49275 49341 
16727 33195 
33281 33423 
17404 99373 
33843 17579 
83392 1524 
1638 34475 
1866 34716 
83973 83977 
19073 2728 
68272 2802 
52190 85079 
68724 68783 
19923 52745 
20340 85901 
20369 36834 
36874 37130 
4509 53934 
37738 54298 
54350 70813 
38201 38232 
38379 71193 
5804 6057 
55430 6420 
22824 55613 
22882 6511 
55677 6562 
72491 88904 
88934 39875 
7294 89382 
40422 7701 
7757 7774 
89754 24245 
89901 73568 
40920 41246 
90409 8491 
74028 57944 
74626 9262 
91246 42121 
74937 75002 
75069 42308 
75152 58871 
42510 75346 
42766 10023 
26911 59814 
76206 11520 
44310 44559 
93810 61147 
61333 12639 
78394 29583 
95197 46199 
95414 30237 
79412 95876 
64267 97125 
31756 81342 
32556 48960 
32627 32639 
49028 65424 

74 6186 

67 

75 177 

98424 
33501 
17565 
66812 
50772 
67446 
2159 
18604 
35022 
2321 
68227 
3736 
85698 
3850 
85806 
36684 
53158 
36821 
86124 
53740 
54060 
37813 
87090 
87131 
55011 
71723 
39338 
23275 
23447 
72869 
56629 
8043 
40908 
25218 
25381 
91284 
25908 
9867 
92018 
92497 
76974 
44359 
44368 
44458 
28243 
28458 
61291 
78035 
29048 
62421 
62464 
13366 
46210 
79304 
79926 
31312 
47816 
31586 
15343 
64654 
64775 
48504 

76 34333 

50 

77 469 


78 75211 

16390 81932 65639 33495 49973 99591 17687 99646 99802 50983 1882 18366 35437 19608 85262 19980 36426 20199 20290 4275 4767 86797 54748 71219 38671 5951 71698 39319 6771 72417 72612 7182 89361 73288 57250 9145 75065 42343 75514 10019 10105 92444 59772 59784 27021 43505 60143 27690 93847 28392 94097 45386 29171 12929 29317 29550 79075 13692 79379 63145 30764 63649 30978 31240 81235 15745 15762 48578 97828 65380 

79 228 

81941 
81981 
66043 
33320 
33576 
17275 
971 
82947 
83310 
83454 
83624 
67658 
67847 
35513 
19437 
52270 
20054 
20137 
20235 
53101 
69553 
4061 
4097 
53332 
53774 
37648 
70489 
21732 
54532 
71031 
87655 
87682 
87934 
6037 
71947 
88482 
56164 
56201 
23656 
41229 
41320 
25378 
74538 
58946 
75796 
76269 
76429 
76528 
27390 
27503 
43921 
93378 
11463 
27858 
27870 
77214 
28288 
12009 
12024 
45036 
28662 
77955 
12966 
78573 
45935 
95259 
46209 
79080 
79101 
30121 
14381 
14502 
30988 
14680 
47506 
47594 
31462 
15117 
31554 
31613 
15449 
31969 
64831 
48493 
65518 

80 49550 

65 

81 73 


82 24577 


83 821 

98311 
66066 
17271 
922 
99397 
33929 
50466 
66963 
34819 
35136 
2603 
68811 
52538 
52638 
85488 
3642 
53173 
36939 
4185 
86205 
86514 
4840 
5131 
5799 
6405 
6524 
88701 
88866 
39959 
89356 
7449 
40710 
73796 
57568 
90848 
8931 
8985 
58152 
74817 
9293 
9475 
9742 
26337 
75515 
76039 
76826 
11316 
93595 
28070 
11745 
44685 
61464 
94802 
79139 
30127 
30222 
13884 
14855 
47932 
97120 
80962 
97574 
64904 
65376 

84 46599 

85 

85 703 

98468 82160 
98582 16674 
82313 49593 
443 82448 
66197 82787 
99261 1019 
1027 99380 
17535 83218 
66847 50520 
1378 34187 
83352 67129 
67176 1669 
34470 67504 
2017 51176 
18632 67825 
84275 18756 
18945 68385 
52222 35875 
52354 36005 
52432 19684 
36187 69109 
20416 53397 
37072 53950 
87018 87173 
54414 70800 
21658 70918 
54614 54691 
87602 54887 
5846 22342 
88232 88416 
72192 55925 
89065 56382 
72919 73010 
73070 89474 
73106 7748 
73403 8060 
73699 40963 
73764 90373 
90517 90880 
41736 25354 
74648 58349 
91226 42243 
9492 58899 
75285 91753 
75654 92168 
92327 60075 
27411 93064 
11179 44500 
44617 11960 
77517 28640 
45089 61641 
45274 13099 
45916 13211 
78794 29677 
62705 62725 
46352 46577 
13889 63073 
30480 63264 
79812 79830 
63485 96265 
79927 96359 
47265 80201 
63859 31224 
47706 15034 
64216 47970 
15267 80810 
48062 15380 
64890 32294 
81469 48802 
32691 

86 74525 

81924 49328 65921 16866 49659 82510 66181 82567 66264 99054 82708 82762 66397 17395 82963 50300 50316 66837 83248 34136 83548 83615 50957 50999 2003 18422 2152 84089 51351 2215 2278 2333 2378 35294 35411 35424 2747 35594 52009 2935 52155 68575 3122 35996 19621 68868 68881 52630 3488 3682 85604 52842 69425 69589 4187 69989 20927 21326 21361 21374 5264 5267 38093 70967 38334 5603 5629 71303 38542 22307 71544 6023 71610 88289 88434 88484 88590 56015 56083 88862 88901 72624 89026 23553 56358 56612 40401 40404 7688 7704 7712 40516 40802 57265 57508 41348 74331 8818 74836 42265 58745 26088 42544 59016 91821 42774 10067 92164 10301 26774 76305 76441 92998 60341 60493 27732 28085 93948 93967 61235 77669 44981 44987 45044 28709 78088 94493 12684 12885 45827 29479 62307 46157 95319 46174 95347 95377 46349 46367 30066 62867 13732 79483 95979 14089 14095 30741 30766 14675 64068 96869 15055 96994 97022 97176 15363 48167 97345 48206 97768 15928 16298 98243 

87 8 


88 67337 

48 

89 573 

16424 82230 
49673 82682 
1653 83709 
84174 68008 
84651 19365 
85257 4548 
86879 70531 
21711 88014 
72302 6831 
89631 57136 
73583 8211 
57366 25021 
8993 92533 
76210 77002 
77646 12176 
94142 77835 
77918 94442 
78756 95566 
63019 63830 
64098 96948 
81559 81900 

90 380 


91 798 


92 60546 

219 65763 98599 689 66302 930 1022 66582 17432 83135 66886 17753 66909 67079 34353 83540 34402 99966 50839 50918 67554 68087 84630 19178 84726 19222 19573 52447 68936 19876 36310 19995 20306 53326 20614 69793 4425 86415 53652 70127 53782 70215 86618 4773 54106 21497 70778 21781 87373 71022 71079 87519 71144 71199 87587 87720 38618 71451 5942 55174 22447 71862 88818 6903 89499 89513 56774 40556 7816 73556 8471 24874 41314 25068 25102 25200 58110 58277 58356 42426 9731 59074 42692 91920 91993 59247 10108 75759 92226 10340 43230 26900 76110 43410 27090 59939 92775 60042 27342 60175 27565 60373 11224 60632 27982 77395 77502 11979 61377 77931 77956 28814 78254 62006 78625 62450 13531 95519 95658 95722 96199 14356 30826 30867 63663 47302 14580 14747 47522 31159 31202 80508 31548 31657 31714 15359 31932 31976 

93 507 

65577 
16478 
33044 
33078 
98749 
16922 
98847 
16949 
33390 
49791 
645 
17079 
33651 
928 
50523 
1394 
50671 
83478 
67267 
34526 
67368 
34849 
84046 
84399 
2539 
35375 
68195 
35711 
2988 
52187 
85060 
85284 
52575 
68999 
3525 
53070 
53461 
20850 
4584 
53739 
70502 
70601 
54272 
5237 
87275 
71013 
87539 
5738 
38599 
55095 
55231 
6106 
55288 
6176 
88127 
22606 
22608 
6279 
39122 
71996 
6555 
72097 
88534 
23017 
55796 
6744 
72433 
7129 
56349 
89157 
7306 
56581 
89392 
89691 
56965 
89835 
24328 
73585 
40821 
40886 
40953 
40969 
90123 
24825 
8760 
8846 
58312 
91088 
25611 
74826 
25752 
42200 
25912 
75115 
26055 
91694 
91756 
9885 
75441 
26329 
26418 
26829 
26860 
10635 
10640 
92633 
76414 
76472 
43743 
27487 
43874 
11118 
60367 
60426 
27757 
44199 
60590 
11462 
28187 
28593 
12265 
12273 
61445 
28727 
45214 
94465 
45340 
12702 
78378 
45744 
29395 
29485 
95269 
29776 
62798 
13914 
79460 
30343 
96076 
14456 
14593 
14615 
14704 
31151 
14836 
31299 
80623 
15128 
97077 
47957 
47969 
97337 
80970 
48231 
64847 
15737 
15774 
64928 
48699 
65145 
32458 
32570 
81729 
32589 
16358 

94 58907 

82024 65688 98695 49584 66047 33319 66155 641 82592 83064 66709 1407 50589 83452 34625 51010 18272 2096 51365 84156 68158 35458 84753 36116 36642 36671 36826 20711 69873 86409 20877 70039 37325 37628 54641 38264 38364 54753 71288 38525 22316 39019 88614 23373 89003 7394 72951 24054 40463 24306 57552 24792 24966 57846 57851 74248 58365 74908 42180 75417 10096 10211 59364 59708 92508 59750 76264 92687 92735 76420 60058 27609 11317 27919 44340 60855 28553 12299 28902 61684 28954 61743 78318 12890 45670 78505 29372 13035 46000 95276 13724 63609 14722 80272 80610 31511 80683 97071 15466 97532 81198 81286 48646 97848 65095 98002 32558 32649 98209 16323 32719 49130 

95 462 

81960 16492 
16519 49374 
49457 16826 
17187 82853 
50089 50145 
34197 99753 
50687 17934 
18006 50787 
34440 83972 
34942 18802 
68134 68448 
3012 85288 
68968 36597 
69497 70057 
86565 37442 
70318 37578 
54001 37912 
87112 54495 
21772 21873 
87480 71314 
38565 38729 
22429 6510 
22986 23109 
39493 6857 
39982 89203 
23840 56817 
24177 24319 
40980 24904 
74754 25714 
91275 91387 
42377 58896 
26278 59172 
59218 26595 
59678 92601 
76246 27252 
92882 60255 
60435 44124 
93340 77127 
60831 77719 
61455 45097 
78086 28938 
12836 94781 
78606 62550 
95383 46378 
30029 63041 
95848 79859 
63534 31348 
80613 97219 
15341 80885 
15668 32055 
15734 81548 
97952 65280 
48985 

96 86345 


97 30 


98 30959 

65561 277 65903 82419 33351 98920 98936 99052 82779 99188 33666 66529 33853 1128 33966 34184 17852 50795 83777 34691 51119 34848 51255 84136 84160 67916 84354 51842 2698 19211 68467 2998 3058 35941 52341 19781 68970 36324 3733 36618 85783 20309 36926 20708 86292 86313 20945 20988 70287 53944 86968 5110 21531 38020 54607 54759 54770 5821 87913 87916 71535 38768 87939 22623 39068 88411 72151 72311 56022 23314 72639 39897 72725 23733 56566 23839 56706 24127 7770 73409 24275 73777 41077 24763 24802 8708 41686 41794 41864 25487 25488 74640 9229 41998 91286 42282 58924 91718 75344 59149 10130 42935 75742 75802 92300 10444 59699 92766 43623 27243 43693 92947 60209 27475 27498 76686 44006 60610 44259 44673 11989 44864 45057 28878 78055 61718 94591 12883 29319 29415 78570 29423 78749 78759 13386 78941 13441 30053 46469 46723 95965 79615 63257 30548 30661 63619 63625 63838 80367 80520 31510 47949 48027 15420 97347 64764 64767 32082 97624 97666 81392 65114 98083 65425 16290 81834 65508 

99 105 

49242 
82025 
33113 
349 
387 
438 
16875 
49668 
16943 
82493 
33356 
17197 
99120 
852 
66435 
82942 
33837 
50278 
66678 
99451 
1189 
33994 
1301 
1578 
34360 
18307 
1970 
2092 
84223 
51507 
68007 
84394 
68077 
35410 
19121 
35512 
51899 
68298 
84822 
68503 
84922 
68559 
52258 
19501 
3142 
36022 
3295 
52531 
36511 
36675 
53229 
4265 
86300 
86496 
37492 
21113 
70323 
4811 
21252 
37766 
54449 
54521 
70963 
38205 
5643 
87627 
71265 
71276 
5812 
54999 
38632 
6002 
71855 
55535 
6638 
88688 
72373 
72394 
88943 
39995 
89212 
7400 
40434 
24140 
24193 
24389 
90159 
90279 
24761 
57574 
41207 
90365 
74149 
57857 
41527 
57940 
25190 
90887 
74503 
58127 
41750 
58206 
9134 
9207 
74811 
74871 
25900 
42342 
75134 
9603 
91602 
91649 
26226 
91783 
26301 
43047 
43115 
75895 
26797 
92446 
43368 
27081 
92664 
76333 
92763 
59999 
43645 
92805 
43761 
76593 
93216 
11392 
11408 
44248 
60941 
44790 
93957 
44821 
77601 
61375 
45135 
45517 
12797 
78361 
78476 
78488 
62137 
62154 
29420 
29678 
46079 
78886 
62552 
13404 
78971 
62588 
29829 
62614 
29899 
62724 
30112 
95865 
46773 
30443 
30667 
79967 
80038 
63953 
80387 
47793 
96955 
80663 
31549 
64829 
48506 
81361 
65133 
16085 
32496 
16156 
81832 
65468 
16342 
81890 

100 31537 

65681 98456 98554 16858 66021 572 33409 82826 1325 83362 99844 34314 18011 1642 34435 83736 34972 18702 18749 18850 35409 84617 19312 19317 84979 68952 19807 68971 85385 52997 3920 3933 20520 53400 4326 37141 20940 4632 86751 70370 87046 21570 5251 5395 54610 5481 38343 87704 55329 55426 71810 72000 88523 89102 23740 56759 7671 73323 56973 57241 90092 8363 90301 73959 24908 57778 90574 90599 57833 90643 57881 25138 25368 90939 41906 74875 91326 42211 25947 26085 9845 75409 59037 75440 59095 10071 42920 92196 26711 10402 43245 10482 10550 59955 76367 92765 27372 76532 76719 11233 93273 44142 44160 77055 44520 28149 60920 93695 93822 11994 93922 94286 77937 28908 12595 45412 29032 61888 61941 78344 94733 29225 62127 45805 62229 78727 95173 29672 62808 62907 46570 79434 79480 14175 79715 63449 47275 96911 64218 64489 97303 65120 65195 32428 48813 98023 49072 65469 

101 638 

20 

102 70527 

16448 49293 98555 82207 82238 65871 16797 613 33419 33467 888 17281 17368 33932 99513 17646 34067 66891 17815 67049 83477 34354 83542 99938 83718 67364 67412 83807 1915 67457 83897 51147 83981 2134 2200 35017 67809 84206 18852 2731 35834 52282 3136 35921 35924 68782 19742 52568 52762 85597 85713 36567 69466 85850 36946 86145 37059 37147 4401 86336 37208 21020 4709 86684 21174 37561 4851 37860 37950 38250 21872 87441 5633 22210 38661 87935 55192 88100 55447 39076 55516 6406 71964 72291 55911 39606 88816 23529 72702 23631 7253 23728 56503 7355 7464 40241 23988 24184 73469 40702 7942 24354 89952 57236 90025 24546 8272 24668 24731 73968 24846 8651 8909 58177 25409 74603 9103 9179 91184 91225 42147 58733 26250 10089 42958 92148 59412 75916 43432 10737 10852 10877 43706 92872 10970 60139 10997 44029 76802 44050 60450 11412 27838 11613 44468 61310 44956 28578 61655 94547 45581 94762 62062 62099 45727 78542 62180 45807 78605 95152 29637 46298 62769 30275 63215 14081 14321 79915 96402 63842 14719 96671 31270 64305 15202 48275 15516 32044 97610 81295 48974 16267 49050 49065 

103 729 

59 

104 98087 

81979 33395 17067 99256 968 99293 99512 67260 67621 34861 18704 18812 18836 35341 51922 35789 36114 36130 85452 3690 69287 3917 86171 69878 86343 69997 4495 86499 70301 4879 70615 87029 54602 71928 39469 6817 88741 23214 72501 39817 72617 72699 56967 24241 73448 8002 8077 73753 8261 41217 58091 58230 74627 9098 58342 91166 42609 9909 42891 59311 42950 26603 10258 43481 76267 76301 43879 11389 44381 60859 44577 94257 12342 94383 29012 12735 62377 46036 29877 46549 95860 14045 63241 47014 80065 63987 47645 64156 81137 15620 81272 16018 48865 16149 

105 112 

65642 16525 
65993 16848 
66059 16933 
82481 16958 
98922 49821 
99022 17207 
33746 82929 
17464 99621 
66984 34220 
50683 1741 
34593 1948 
67507 51221 
34852 51579 
67976 19124 
52081 52235 
19526 52313 
68889 19783 
68950 69012 
3548 19988 
52881 20116 
20242 20403 
53257 37210 
37264 4498 
4662 53846 
70277 86719 
21297 54118 
21760 54940 
54949 38616 
38619 87811 
87947 6067 
6117 88057 
38940 55336 
39118 55645 
6613 23046 
6701 6711 
56033 7171 
39991 40060 
72843 89252 
89279 56615 
56770 56772 
40392 89594 
89609 40530 
73380 73387 
57018 40715 
40769 57292 
57327 57395 
57458 57507 
8729 41617 
74387 25252 
58021 90846 
90859 90926 
58212 41922 
25549 9188 
58373 25705 
9455 58631 
59067 75510 
91911 91929 
59256 75832 
43229 10530 
59760 10895 
60218 11264 
60462 44100 
60662 77116 
44463 44610 
93893 28385 
93981 12074 
12200 28622 
12276 12660 
78253 12840 
62005 78393 
29350 29441 
95060 29629 
46064 78890 
78982 13667 
30096 79334 
30384 79669 
30593 63673 
47473 80334 
31205 31220 
80436 31595 
15226 48138 
97410 64781 
48715 15977 
48825 32582 
49014 

106 702 

81950 49197 98368 16450 32838 49309 32936 16573 32969 209 82133 65758 33005 65772 260 49422 16663 98592 16690 16725 82271 82355 33292 66088 16940 98873 66124 82514 33420 66208 17061 99028 99075 82717 82755 837 17230 99178 900 99205 50053 82851 99242 66486 66507 1021 1040 1051 17439 17468 17482 1103 66638 33893 83047 1145 33944 17566 33986 50375 34001 66787 99600 50482 50494 99657 17784 99760 1459 50611 67007 34248 67066 1560 34343 17963 83503 83537 50771 99955 18070 67251 67277 18136 83686 50942 18251 67419 1899 1989 67574 2059 2075 2076 67655 18519 34927 67698 34931 18567 34957 67729 2198 51352 34969 84125 2207 2209 84137 67799 84196 84243 2335 35134 18757 18790 2409 84339 35193 51578 18811 84348 51609 68029 68031 84454 2540 68111 68119 68138 51787 51801 84586 68206 35443 2680 35499 19167 35592 19219 84789 52046 19360 68609 35845 85007 3093 35881 52299 52309 52380 85158 19624 36023 52451 3304 52477 85371 52612 19874 52688 36320 36347 85515 85518 52778 20024 20029 36415 20033 52859 69255 69269 85662 20133 3825 20234 20248 20307 3939 3998 4022 69581 4197 53365 53368 86157 69786 37068 53478 86269 53506 4357 37127 86280 37135 53528 37152 4392 53560 37184 37236 53625 4473 86413 37312 4562 86506 70143 4618 4621 86554 21038 53841 21106 70271 70302 21193 21200 21251 86804 54046 54047 86823 70438 37672 4911 70456 4924 21338 70494 21382 54160 21417 54193 54205 21439 70610 21461 54274 54278 70689 54329 21568 5260 21660 38047 70832 5299 21737 21775 21785 38175 38178 21818 21837 54615 38308 38328 71109 54727 5620 54775 71227 71245 22116 71294 87685 38533 71371 22231 87778 38636 22338 71498 87887 38745 22362 55136 5986 55140 87909 22397 38836 22462 6090 22481 22540 6167 55325 38948 55374 38999 6261 6268 22685 55474 55509 88283 22761 55529 39153 88326 88337 71981 6447 6462 88424 72071 22949 6615 55790 23058 72229 23078 55850 23151 88689 88717 88781 6884 88810 6891 72454 39818 72629 39880 89060 7185 72746 7234 56386 7258 89179 7265 56442 56453 72860 23727 23755 89348 23837 40248 23873 89427 56677 40308 56692 89462 40341 89511 7592 89541 89570 7659 73207 73223 73286 7784 56937 73342 57011 40648 7906 40677 57068 7960 40732 7964 24369 24376 73534 73584 73615 90002 57261 40896 90071 24554 8196 90125 90165 8279 8285 90208 73826 24684 24688 8327 24748 73962 74035 74066 24917 74077 41313 74091 41347 8634 57788 57804 57866 8718 74291 90680 57977 41601 74373 41631 41652 74430 58055 74476 41713 90910 58281 9141 41930 25601 58410 74837 9335 25721 9366 58546 74955 74983 9448 25843 58644 75080 25954 58730 9582 9589 58744 58768 91583 9665 42454 26076 42471 9705 58887 9752 91698 26210 26251 59021 26265 59045 75527 26385 91944 10066 59248 10097 92063 59320 75739 26607 43022 26646 59429 92211 10297 26695 75926 59555 10427 10430 75995 76030 10560 10569 92496 27047 43449 10707 27132 59921 10783 43572 76353 92750 59998 76399 43637 43638 92828 11010 60162 11017 27499 11160 43948 27586 76741 60439 11348 76891 27739 93297 93306 76952 77014 27877 11495 27899 27931 77087 77093 27948 44348 93520 11607 11647 93572 93579 28069 60885 44515 60904 28200 60974 93756 60997 11853 44626 11885 77546 93934 44801 77590 93976 44858 28482 61267 61300 77684 12164 44932 61331 61350 61366 61381 12235 12252 12257 61425 28663 77849 12352 94275 12356 94283 61605 78014 12480 78044 94433 94446 45356 28995 12648 12669 45439 12674 29089 12714 29109 29138 94685 12780 29283 94867 45725 94890 12988 94928 62201 62224 78612 29545 78699 95102 78723 29577 62350 78754 46028 78827 46091 29723 95282 29765 13412 13413 62571 95357 13484 29881 29884 62672 95450 13575 95499 79125 95555 95603 30075 79235 30136 30195 30205 30214 63027 13882 63060 30295 30313 30348 79523 46766 46799 79608 79646 30502 79661 30532 96140 46991 96146 30620 14293 47079 47176 30882 80039 30917 96456 63745 80167 96574 80195 63847 31089 31097 63883 63915 96687 31176 63960 14820 31247 96801 31304 96841 14933 47726 80521 31442 47830 31458 31518 64293 31560 31581 15206 48011 80843 31741 15386 80950 31836 97380 81089 64718 48349 97515 48469 81236 32086 97646 97669 48536 32178 81356 81365 81367 15839 97764 65003 81416 65042 48682 32301 97838 32311 65110 81563 32424 97973 32450 16110 98047 48912 65309 32581 32584 32603 81776 98164 16289 49140 

107 585 


108 69168 

25 

109 255 

50358 83559 
35721 37498 
87097 38096 
6162 7130 
24676 90488 
41509 25330 
41984 42292 
77219 11921 
78140 95034 
96592 31384 
15455 32275 
32368 98277 

110 70760 

19 

111 207 

16465 200 
65799 98568 
49431 407 
33347 49763 
49814 679 
66309 99343 
66633 99514 
17746 1413 
17831 83433 
34298 34323 
1559 34473 
50889 50892 
18135 83704 
34557 67529 
18535 35014 
51462 2314 
84279 51526 
51527 18806 
35234 51863 
35523 19145 
19291 19381 
85173 52482 
36126 52572 
36212 36424 
85656 69311 
36550 20414 
69588 4228 
86190 4396 
37233 53761 
21067 86647 
38062 5869 
22329 71540 
6149 39158 
6572 23027 
55892 39557 
56248 89099 
89181 56499 
40187 7481 
73047 23913 
73259 89817 
24349 40864 
24489 40901 
57402 90244 
24744 57528 
73960 41218 
41281 8519 
41372 74144 
57964 25380 
58161 58234 
91174 91481 
58723 75380 
59069 10466 
92432 92594 
10716 27579 
60395 11245 
76794 93346 
60853 77280 
77292 44831 
61279 61415 
28715 61647 
45296 12736 
29224 94778 
62343 62396 
29661 62448 
13300 95248 
46455 79337 
95849 13966 
14083 63517 
63539 79948 
47203 63748 
47523 47736 
64161 80589 
47882 48019 
97513 15670 
48508 32265 
15932 65200 
81587 32511 
98085 81723 
16202 65494 

112 72178 

66 

113 949 

98395 
33247 
17100 
66363 
17353 
1018 
17529 
1150 
66877 
1432 
83655 
34589 
51287 
35303 
84601 
84843 
36001 
52416 
3278 
69122 
52765 
20523 
86305 
53572 
20870 
37864 
38585 
87822 
55127 
5977 
88192 
55784 
23534 
24080 
89748 
89847 
90107 
24925 
41521 
8821 
74380 
41638 
74651 
9395 
92268 
76015 
59942 
93189 
76935 
12249 
28971 
94562 
29843 
30156 
96169 
96219 
63481 
63542 
96319 
80081 
96674 
31596 
48184 
97829 
48706 
48900 

114 99508 

49210 82429 66114 82527 33557 82775 82887 17383 82974 66721 1206 50449 34189 1527 34359 50799 1652 1742 34887 19039 19202 19223 84767 35631 35765 35847 85110 19693 85250 52585 19977 36387 52779 20030 69240 20171 69611 86443 86721 21355 37925 5203 70752 70924 87599 54972 38615 71561 22534 39017 22686 39388 88574 88585 6846 72498 88984 23805 24186 40588 73356 7896 24307 7968 8255 90260 57638 25237 25357 58162 74653 58275 58308 74734 91262 26086 59115 42768 75603 26503 26584 59532 26949 76385 76483 92954 60193 44241 93751 44965 28625 94651 62206 13108 62334 29663 29720 29841 79073 46322 95484 13756 13853 30247 13931 63197 79867 79964 30916 31060 96643 31437 47835 15161 15266 15295 48186 97486 81411 32357 98130 

115 576 


116 51231 

98329 49735 33639 875 66585 34188 83355 1995 34770 51186 2097 18967 51822 68232 68256 2743 19215 52088 52217 68718 52527 85354 36247 52641 69051 52706 52725 21024 37564 54009 70608 21753 71803 22805 55636 39661 39711 89040 7165 7458 73195 40428 56885 73319 40628 24433 73613 41135 8410 90396 24873 41304 9107 25630 91218 9328 42174 26010 42973 92349 92462 27105 43662 43682 76526 27608 11225 44072 11419 60801 28050 44521 93721 77404 61280 94065 28666 61702 61985 78470 29499 62368 95145 78808 79276 79829 63807 80311 31174 14898 80583 31679 31689 31707 64477 31759 97493 15582 97567 48517 97885 81596 16190 81757 81777 98227 

117 845 


118 82788 

65572 49209 73 33061 98690 98851 630 49869 82681 17182 99493 34055 83354 99776 1507 67052 83460 50848 1771 1775 67402 18380 51225 35035 51492 35209 51648 84444 68147 51916 2882 68460 84857 84856 52221 52392 52703 3600 69236 52856 20151 3839 20261 3944 20489 4191 53428 37170 86372 70004 4476 70086 37370 53777 53813 21105 86696 70335 37651 86851 38044 87272 54565 71206 87615 38471 22287 38847 22519 71775 39066 55823 6677 88683 39738 39851 7118 7126 39907 7386 40182 56583 73058 7775 56939 24365 8240 57468 73861 8593 57845 25085 90700 74417 25265 25298 9008 9078 91235 75188 42474 42638 59061 91842 92317 59571 59574 10478 59848 92622 92654 59902 76384 43636 76409 43902 76697 27561 11320 93472 28049 61275 61561 78090 12607 78191 29057 78220 61844 62052 45672 94982 78938 29823 13539 95469 46543 46589 79397 13894 30349 79527 63211 30494 79833 30699 63471 47230 14660 31077 80316 96714 47701 96879 15093 47876 47903 64456 97232 64523 31803 48280 64742 32005 48437 64891 81443 32335 15961 65166 48804 98000 98231 65474 

119 737 

40 

120 18470 

71 

121 858 

32801 49208 
33074 65924 
548 49781 
66357 82792 
50097 17398 
66604 99377 
50365 17635 
66896 50516 
99699 34399 
34618 51033 
51124 18397 
34886 51327 
18671 18988 
19152 84826 
19387 52199 
3191 52374 
52383 36139 
3479 20081 
20687 53465 
4325 37095 
53569 86425 
21188 21496 
37886 5208 
87316 38275 
71164 71237 
87670 55033 
71433 6017 
6029 71597 
22456 55294 
71733 71741 
39120 71989 
72198 23116 
39519 72305 
88715 23272 
56046 88835 
23444 88986 
40067 7550 
56936 73371 
7861 24267 
7926 8164 
24562 57559 
8473 74241 
8843 90802 
74536 41808 
9277 9362 
42216 91460 
42419 75403 
91819 9977 
91997 92102 
59351 75817 
92244 75901 
75927 76005 
27086 59875 
43561 10843 
27351 60349 
27784 44213 
11493 28028 
28090 93816 
61342 45343 
29561 95246 
46099 29801 
13948 46767 
95976 63225 
46887 63373 
79760 47006 
96246 63558 
31163 47615 
14952 14977 
15016 48097 
15437 97546 
81274 32158 
15820 97749 
81513 98033 
49011 

122 40394 

58 

123 499 

93 

124 21133 

65760 271 33499 17186 66651 34058 67085 50820 1947 2826 35688 19341 35811 3099 85377 3492 52983 20761 69934 53600 37293 86564 70523 21396 37797 5065 54219 86997 87116 5322 38487 88352 6869 56077 7064 72661 23527 23537 23626 23702 7551 24056 73334 40696 40723 8233 8397 90413 74036 57985 74416 9231 74832 25823 58683 59416 59518 59543 59608 26934 26959 60447 11308 76939 11454 44236 93437 93607 77472 12032 12092 45067 45150 28793 61881 13090 95070 46004 46094 95270 78981 29878 79104 79267 46656 96502 14608 15026 64687 32067 97696 16356 

125 604 

98318 
16463 
98519 
82165 
82248 
49758 
98911 
33387 
66169 
17205 
34070 
83390 
1515 
1698 
1719 
18224 
67433 
51181 
84131 
35097 
18764 
68039 
84445 
84550 
68179 
84746 
19216 
19225 
2920 
35723 
35814 
35849 
35926 
52393 
52431 
52459 
52472 
85307 
68993 
52715 
85501 
85517 
52938 
20175 
20455 
69684 
86134 
37019 
86243 
37102 
69894 
69945 
20831 
4489 
70132 
70266 
4791 
5047 
5087 
5176 
5204 
54433 
71002 
5474 
54682 
71103 
71184 
5755 
5797 
22211 
71432 
6093 
39015 
88420 
55713 
55797 
55959 
23219 
39674 
6925 
23319 
6944 
39891 
7166 
89087 
72734 
72744 
40070 
23714 
7440 
40270 
73092 
56723 
24014 
24150 
90058 
40921 
24548 
41148 
90328 
24817 
8649 
25050 
25061 
74300 
57973 
25236 
90935 
9062 
74605 
25584 
42109 
58565 
42206 
74977 
25855 
91532 
42666 
42779 
59212 
10070 
10186 
92126 
75784 
43034 
75848 
92343 
10439 
10464 
59621 
26882 
59746 
76154 
27020 
92632 
10996 
43840 
43894 
60294 
93115 
60374 
11284 
11344 
77531 
44875 
12121 
12169 
77714 
28616 
94166 
61541 
45216 
94565 
12906 
62124 
78528 
78822 
95211 
62481 
46185 
29838 
95539 
13622 
62874 
95694 
63205 
30459 
79722 
63375 
30708 
63499 
14591 
80177 
14988 
64236 
15085 
64245 
97112 
64360 
15463 
64619 
48243 
64753 
64773 
64833 
48454 
97617 
48711 
32333 
15981 
48765 
32491 
81714 
65368 
98202 
98263 
32760 

126 86319 

60 

127 551 


128 14018 

98440 49527 49555 16825 49941 17345 2787 2845 52111 68684 19570 3334 4354 70242 87216 87283 70928 54960 6222 22696 39187 71991 6556 55789 56614 73187 73298 25460 25646 25723 42127 25803 42437 75513 42749 75859 43108 59709 76711 60390 60656 93631 61201 77645 78263 45701 62101 94967 78986 46591 63547 96418 31101 96724 47614 32095 32535 

129 74 

16434 
82021 
128 
65696 
16641 
49492 
65961 
98897 
49789 
66220 
99046 
17179 
17237 
99223 
99228 
33699 
17348 
82949 
17534 
33928 
83173 
34112 
1379 
17903 
99954 
83678 
34608 
1965 
51192 
34845 
34875 
34893 
84063 
2391 
67931 
84325 
84461 
35378 
84579 
52023 
52100 
52263 
3166 
52391 
36104 
68922 
52650 
69224 
36488 
69275 
69318 
85956 
53210 
69731 
53374 
36998 
86154 
20788 
20820 
53635 
4830 
21231 
21243 
86781 
21292 
54104 
70618 
87010 
54347 
70733 
70819 
38455 
22123 
71389 
71388 
55034 
87855 
87942 
55433 
39148 
6416 
6544 
72128 
23176 
39829 
72613 
89110 
39966 
7610 
40607 
89814 
24320 
40971 
57735 
58168 
58351 
25621 
42270 
75169 
42425 
75431 
26280 
75554 
92029 
92106 
92199 
92223 
26719 
10645 
92648 
76274 
59906 
10922 
27385 
93196 
60466 
27783 
93374 
93432 
27938 
27961 
60750 
77275 
61020 
44677 
11935 
93862 
44730 
77541 
28406 
44972 
61430 
45101 
12388 
77979 
12528 
78112 
61762 
29103 
94796 
29378 
78563 
46031 
78952 
46247 
29883 
13530 
13764 
46622 
30301 
30645 
96311 
30911 
96460 
63803 
14670 
64005 
64026 
47746 
31441 
15058 
80671 
80933 
80956 
48263 
48293 
48414 
97667 
15773 
15964 
16265 
98250 

130 55664 

32899 65748 49387 33040 98747 16886 17149 901 17298 99255 1108 50349 83185 99603 83513 67183 50809 18096 67336 18204 18313 2015 18733 51589 84413 84547 2704 35779 84980 52509 19747 68980 20012 52915 3769 36547 69316 36895 86250 86329 86433 21245 54114 37735 54345 54359 70751 37982 5402 38212 21863 21926 22238 5971 55155 38817 71619 88611 55994 6906 7067 89074 56402 40101 89924 24724 8349 24767 73984 24845 74087 24943 24950 57895 58074 9225 9280 91504 9592 75176 26203 26205 42676 75512 26431 59217 42888 43132 92326 75960 75971 10462 59710 60056 92934 11067 27464 44026 93322 76976 77066 27942 93509 93589 28434 94484 78270 94915 45762 62190 29510 13466 13574 46416 30163 79391 30246 46662 95875 95882 30436 30736 14461 80003 80184 96706 64134 97021 64375 48028 81127 32219 48943 48977 

131 57 

98306 
32775 
82104 
98502 
16628 
98567 
33031 
98569 
355 
495 
66048 
33334 
33359 
612 
66241 
33483 
33500 
49924 
82711 
82721 
17223 
66399 
17286 
99219 
82840 
956 
976 
50131 
66520 
50210 
1122 
66754 
99522 
83188 
66825 
17921 
50691 
67098 
50729 
1594 
50827 
1739 
83693 
1878 
51038 
83813 
83868 
51114 
67751 
18698 
84372 
68011 
51636 
51683 
51750 
68313 
84782 
2915 
68622 
19536 
52330 
19675 
36221 
85525 
52767 
3746 
36530 
20328 
69554 
20446 
36856 
4156 
20574 
69739 
20684 
69914 
37310 
70113 
37465 
70284 
21137 
4792 
4815 
21201 
4837 
86802 
70593 
21443 
87026 
54311 
70740 
5228 
5304 
87235 
38126 
54520 
5398 
70953 
87358 
21885 
38296 
71071 
21959 
5605 
71205 
5786 
38610 
5872 
38670 
38684 
38793 
38871 
71675 
38925 
88153 
22630 
88171 
22788 
39198 
88425 
6531 
39317 
88645 
55887 
6768 
6821 
39628 
39630 
23353 
7057 
89021 
7102 
23504 
7160 
39979 
56369 
23623 
56456 
89298 
7573 
73112 
40411 
56835 
56842 
73229 
56875 
89724 
7818 
24253 
7963 
57139 
40783 
73574 
90032 
57382 
24633 
41112 
8515 
41310 
8599 
90553 
74175 
74204 
25107 
57901 
74388 
58029 
58071 
41879 
9215 
91231 
91260 
74915 
42295 
75149 
91582 
91615 
91700 
75348 
75377 
91767 
42727 
26375 
10100 
59373 
10277 
75930 
92459 
59706 
43458 
59859 
92662 
27141 
10763 
27173 
76375 
10845 
27241 
10862 
92940 
27414 
76569 
92955 
43810 
92994 
27533 
27536 
93078 
60324 
43960 
76837 
76839 
11304 
11370 
60524 
76963 
11474 
77050 
11564 
44338 
60754 
44401 
44411 
60802 
77226 
11713 
11742 
93688 
28190 
77342 
93949 
12340 
28790 
28807 
12501 
94440 
12611 
45430 
45434 
61865 
61892 
94665 
94788 
29293 
45714 
13083 
95013 
13130 
13162 
78701 
95148 
29634 
29640 
62416 
62496 
46153 
46275 
46354 
79165 
13698 
95655 
62900 
13898 
46699 
79707 
30583 
30591 
79846 
30794 
30828 
96405 
63669 
96534 
96610 
63929 
63975 
14883 
96821 
31324 
47720 
47834 
80652 
31593 
97140 
48007 
48148 
48196 
97435 
81051 
97548 
48408 
48433 
97636 
15750 
48670 
48789 
81677 
98121 
49023 
32702 

132 2621 


133 441 

18412 53547 
97336 

134 74232 

74 

135 628 


136 97511 


137 464 

66135 49753 
99043 82715 
33721 33832 
99515 66879 
34149 1384 
50575 99887 
83585 50876 
51133 18538 
2161 18888 
84477 51792 
68190 19224 
84835 84867 
52135 3078 
52347 3196 
3262 3315 
3510 20254 
4355 4390 
37280 53883 
70547 5156 
37984 5317 
87379 38321 
5619 5970 
6025 38944 
22570 55409 
72117 6713 
39633 72810 
40071 89407 
90043 90450 
24934 41326 
57745 91493 
58748 58826 
59007 75617 
26613 26670 
76176 76334 
10844 10960 
76714 43972 
93369 27842 
77241 93684 
77637 44876 
44937 28637 
94195 61485 
45298 45429 
78496 13265 
13368 95398 
62656 79068 
30077 79390 
63269 79790 
47082 80223 
31145 80323 
47926 47953 
80799 31865 
15531 97514 
15702 48685 
97845 16063 
16104 65267 
98133 32694 
16312 

138 57832 

16 

139 7 

49313 98473 
16614 82210 
82432 99023 
50019 33669 
82914 997 
33795 17757 
66940 99752 
83375 67014 
83443 1545 
50754 1726 
84043 51424 
18659 51497 
35174 84360 
84527 18997 
51995 2846 
19245 52021 
19290 68487 
84883 84887 
84919 19419 
35918 3318 
3530 20311 
4052 20482 
69800 53432 
4356 86298 
86331 20812 
69991 4479 
4623 70267 
53987 86762 
86951 54251 
5559 21967 
38458 22150 
38561 5920 
6078 71636 
88048 55357 
71756 55425 
88355 22826 
88422 55662 
39383 72211 
72235 72339 
72397 56062 
72664 39922 
40092 72950 
73164 40498 
40585 7862 
24281 57076 
57168 89949 
8047 57253 
73657 24510 
73819 24783 
74017 24878 
74088 57811 
8750 25186 
8862 90961 
25508 58555 
91550 42508 
26149 58967 
26246 42721 
75777 75866 
43164 59566 
76020 26984 
10612 43453 
10814 76422 
27280 92981 
60278 76740 
60554 60670 
44304 44363 
60769 93602 
28176 77339 
93848 44762 
77567 61217 
12077 77766 
77975 94358 
45485 29121 
45559 12998 
94986 29468 
95040 13239 
95176 62410 
13325 95273 
78985 95400 
79081 13659 
79454 95934 
30446 14202 
30864 80026 
47296 47365 
31029 31216 
64049 15113 
15159 31755 
80967 32096 
97648 32256 
81585 81907 

140 51218 

39 

141 255 

98898 17521 
18201 2309 
35958 19780 
36185 69355 
69795 21450 
54669 71248 
71392 71752 
22896 55868 
88667 89879 
57286 8245 
25477 41928 
74862 59653 
93461 28290 
44806 77724 
45317 78158 
62758 96009 
47829 64438 

142 12218 


143 943 

134 65740 
49357 444 
66087 577 
805 66694 
66829 50519 
50775 67172 
67208 18058 
67530 51275 
34926 84242 
18818 68078 
2643 2744 
19305 19328 
68787 3431 
85617 85631 
69332 85790 
20292 85852 
85888 3987 
20473 20487 
4124 37036 
37128 86310 
53571 37197 
86431 4917 
86943 87125 
70816 21783 
38177 54662 
5726 38566 
22312 22443 
6170 71773 
55400 39103 
71965 55701 
72089 39401 
55930 55984 
72388 89023 
72766 7346 
40292 7546 
40356 73147 
40402 24046 
24051 24162 
7792 7835 
24256 40661 
7970 7991 
89996 41033 
73961 8427 
41300 8564 
8569 90552 
25024 41528 
57953 90759 
58103 25425 
90992 91028 
9310 42130 
9418 58704 
9555 91474 
58793 75321 
91897 26401 
75555 10021 
91976 26515 
59356 92129 
26822 92396 
10905 76522 
60146 27420 
60393 27627 
44114 76882 
44409 60918 
28286 28365 
44941 12205 
61401 12348 
94637 45637 
78483 29373 
78527 78539 
13074 95082 
45947 62340 
29592 62378 
29911 46406 
13786 63028 
95805 13963 
79769 79773 
79840 96268 
63565 96340 
47195 63696 
14666 80242 
63925 96696 
15053 15101 
47940 64364 
48129 97445 
31983 32028 
15735 81510 
32462 

144 70146 

16583 65753 65834 65992 49648 49871 82746 33611 83060 1186 1478 67050 83505 83558 67215 67225 18077 67269 1786 18179 50985 18339 2046 2270 2374 18946 68139 35383 84618 35505 51919 68418 19321 52247 85024 52446 3339 19793 85791 3885 36754 86093 69735 20657 69907 37275 20916 4705 37581 54186 21467 87031 37898 70686 21742 54533 71159 87958 22717 6382 88333 22909 88481 22963 6597 22990 39412 55821 6699 55863 39584 23211 39816 39826 72838 40166 23975 23989 40534 7894 24534 41124 41134 41138 73941 8457 25076 57982 74404 8878 74719 58653 91467 58852 75268 91949 42884 59285 76034 27148 43651 60117 76638 93092 93100 76758 60544 60567 60724 11608 93799 11963 44774 77675 45522 12832 62019 13120 45889 13329 13356 95307 95343 95634 30113 13785 63005 79664 30526 30574 47099 63678 47407 47427 64047 47770 15036 31550 31710 15391 48327 97509 64779 48597 65378 98151 16252 98204 49093 81913 

145 971 

3 
32 

146 19320 

98308 65651 16514 32920 82125 33102 16985 17084 99186 99433 50436 50757 18141 83820 34939 51510 18940 19006 2682 35522 19313 52153 68672 52312 35979 68873 19806 52957 20474 69669 53415 86245 20727 4464 86770 54015 4942 21331 4948 5059 5062 87025 5188 37996 5243 70908 38171 5447 38398 87561 22088 54959 71465 6046 55296 88309 55562 39262 6618 72416 72781 7424 72986 40234 40236 7515 89560 89581 56996 7880 89875 40819 24463 40911 24887 24959 74210 90756 91095 75140 9853 75401 10034 91960 75631 26526 26644 75897 59876 92829 11022 43970 93615 11823 28303 61135 28457 28476 28556 28799 12599 29023 78244 12742 61940 94787 45654 78432 78903 78914 13658 46579 46675 30297 30573 30631 30912 80381 64074 31318 15261 97262 64563 64704 31973 64762 32058 15691 48490 65167 65190 65202 48937 

147 611 

78 

148 49846 

16636 82325 82461 49771 82573 50312 1176 17629 99858 18232 51086 83970 51244 2107 84117 84226 51900 2936 68584 19505 36492 69580 53246 20556 37149 86592 21270 37696 37916 21749 22029 54942 6427 39394 23061 72336 56014 23462 72881 89561 7654 24113 73411 24470 73879 25322 8955 91011 58403 91290 25916 9639 42444 26266 91935 75705 75969 92776 76555 43856 43864 77079 44333 44837 77971 94614 78861 29830 95715 96699 96864 97152 64442 31687 64505 48303 81266 15738 

149 923 

43 

150 24124 

49310 213 16745 66742 35735 84992 68822 53107 86272 4694 53941 5525 5788 22649 39065 39075 56357 23731 56791 89605 40633 57694 25063 58253 42326 26043 58925 10214 11501 93826 77848 45264 30022 62833 13988 46806 63226 31754 15658 81287 97972 98218 

151 873 


152 89970 

49499 16920 812 33654 82824 82830 1077 33975 17736 17766 83579 1678 83609 67366 67500 67697 84281 84552 51986 85036 52454 36108 3343 3426 85358 3555 3584 36377 20112 52893 20178 85889 53190 53208 86045 36901 36927 86105 4299 4317 53470 4407 86572 86675 21194 70560 54312 37971 5225 87227 38194 87870 71536 6054 87986 88037 38888 6161 6168 6238 6307 71893 6466 39239 6493 88662 56082 72647 89201 23665 40064 23787 56567 23976 40368 40394 73163 24099 40597 73400 57143 8166 40991 41026 90546 74352 25204 90791 8889 9033 25418 58348 91313 25822 58913 75301 91692 42663 91945 75692 59358 92194 59534 43315 10573 27296 27447 11070 76655 27737 27748 12017 28542 61440 61539 61611 94557 45761 62398 78857 29864 79246 13998 79567 63192 63272 63502 30840 14495 80145 96664 80488 80538 31456 15301 97312 97326 97395 97818 32519 65423 81888 

153 964 

92 

154 96577 


155 57 

49393 
98619 
33127 
16773 
98733 
98755 
16902 
546 
17018 
49800 
17114 
17243 
66422 
50047 
66482 
33740 
33884 
99609 
17752 
99707 
17886 
83544 
50781 
50788 
99940 
1693 
50907 
50933 
83788 
1980 
83948 
83987 
84103 
2229 
2238 
67856 
51530 
84359 
18824 
51633 
35264 
68033 
68148 
2633 
51785 
84609 
68259 
51903 
84697 
2792 
35591 
68384 
2952 
19572 
19699 
19753 
52564 
68958 
69125 
36508 
86334 
4515 
37356 
21017 
21209 
4950 
21721 
5498 
87453 
87508 
54773 
54861 
5771 
22241 
5863 
22286 
71570 
88091 
55364 
88185 
6338 
39733 
39754 
39871 
56298 
89119 
40022 
23657 
40054 
23676 
56551 
7416 
89562 
73231 
24112 
89671 
7754 
24429 
8086 
73649 
24623 
24667 
73951 
57661 
74059 
90752 
41625 
8936 
8994 
42051 
42119 
58513 
74924 
9486 
9532 
58750 
91711 
9854 
42980 
43032 
10378 
10389 
26891 
76053 
10564 
43510 
27157 
92794 
43647 
60081 
27319 
43741 
10976 
27480 
93213 
60486 
76915 
27809 
93546 
11630 
28025 
11650 
77392 
77526 
61168 
77554 
61351 
77852 
12353 
28746 
12415 
78101 
94726 
78357 
12869 
78503 
29383 
29699 
62516 
13388 
13424 
62875 
95726 
13929 
79537 
96077 
96158 
47271 
63675 
30970 
80170 
63870 
31143 
47543 
31188 
31266 
80432 
96885 
64399 
48031 
31693 
81190 
15785 
15857 
65437 
32723 
49119 

156 71801 

11 

157 74 

35974 6219 
89443 73598 
91792 43530 
61472 30600 
30618 31663 
16142 

158 20516 

7 27 

159 233 

6 17 

160 31310 

49716 36420 53225 39097 55675 39578 6900 89537 8941 91111 25708 11347 28157 79672 47500 96773 98258 

161 13 


162 86279 


163 506 


164 52122 

16438 49272 82068 49402 33184 479 49662 82449 98842 17101 66280 49957 898 33769 50168 50234 33914 66700 83141 83280 83361 50617 67228 67341 18192 67386 67408 1888 1986 51296 18620 68040 2617 19187 68375 84851 19339 2972 85067 85109 68737 68835 20008 3695 36500 69279 20131 85670 20316 36750 20400 36812 4285 4286 4388 53691 53750 4655 21154 86752 21381 37880 70709 54468 87309 87371 87444 38392 87577 38459 87631 5733 5766 38547 38631 5894 22431 71845 71847 39106 88318 55624 72102 6574 56117 23400 56198 39861 72759 7276 7286 7289 72905 23889 73154 40610 24331 8094 90017 73885 24799 57669 24918 24973 8646 74298 58010 25315 90895 90937 74577 25519 41980 58433 74881 58817 9746 75485 10055 42880 26524 26567 43033 43036 76222 43582 76369 27299 11076 93089 76798 44402 28087 60945 60960 28314 77564 44865 94053 45012 94241 28755 77943 12549 45324 61724 12628 29105 94655 78382 45658 78514 94940 78651 78742 62563 78984 79007 46259 79154 62941 95815 63066 79464 46938 46944 63342 79787 63428 14507 63728 30968 96639 96693 31187 14897 64162 15067 31607 64389 48139 64526 48220 64661 31896 97591 97605 48478 48619 15872 15979 15990 65162 48797 16046 65300 

165 263 


166 14474 


167 275 

98390 32856 
136 82447 
33370 17212 
33671 82862 
33811 17465 
83044 83384 
99816 50677 
67211 67337 
18266 67628 
35051 2599 
19014 51867 
35570 35694 
52105 3116 
68762 36113 
52665 53050 
36674 69484 
69584 69746 
37000 69808 
37240 86455 
70134 86609 
21133 70553 
54355 54369 
54459 54627 
71280 87725 
6040 6145 
88591 57328 
24570 73873 
90280 41144 
41271 57989 
41675 58116 
90920 25410 
9046 41911 
74686 9723 
26852 10527 
43399 43463 
10765 76402 
76504 27694 
44087 60570 
93372 60692 
44435 28255 
28308 12006 
77556 61222 
94074 94742 
78410 62581 
13490 62701 
79219 30080 
79584 30701 
63545 63708 
64283 97084 
64342 80807 
80863 81106 
97598 97693 
97746 32632 
81796 

168 74645 

5 57 

169 37 


170 11414 


171 540 

33180 82445 
98905 1035 
50321 33952 
33959 66788 
34063 17756 
1434 83359 
1456 50669 
1529 50822 
18532 84230 
84236 51566 
18962 51830 
2696 52131 
35892 68680 
85156 52426 
85369 20130 
4002 36800 
4202 53430 
86635 86717 
86755 21307 
37770 37975 
38015 38159 
21924 38383 
38726 71574 
38913 71705 
71843 39483 
88660 6754 
39602 23390 
72626 72808 
7452 7487 
40282 40322 
89497 56792 
40443 24107 
24137 8230 
90241 8517 
74158 8768 
58202 41885 
74659 42219 
42263 25907 
58836 75353 
42649 75570 
10348 10532 
26930 92507 
27061 92629 
10870 60290 
11152 44102 
77109 44352 
60790 77200 
11674 77225 
44641 44666 
77641 12127 
77700 12341 
61600 78647 
95107 29844 
30248 14035 
96284 31134 
64029 31332 
96887 47813 
31517 48266 
97528 48718 
16138 65478 
98284 

172 72206 

9 16408 98503 82228 17037 66322 33615 33833 83052 33935 50877 67285 1783 18301 67489 2064 84088 84168 67858 35288 35559 19176 19249 68403 19310 2933 19330 35815 19551 35986 85195 36195 69006 20361 4086 20586 69803 69813 4342 37181 69963 70053 53768 70268 4839 21448 5067 87101 37994 54542 54660 38286 5666 5680 22086 22153 71562 38867 88030 22502 55272 38914 55332 6239 88172 6259 88203 6317 88238 71921 55706 22962 55743 55806 39528 55971 6931 39914 56354 7212 40031 56420 23710 23785 24083 40686 24514 8209 41292 41374 8762 25197 8980 9163 58593 75048 25903 91681 75347 75562 10028 59325 75794 10496 10509 43322 92517 10601 76136 76311 10789 27282 43713 10963 60410 44097 27816 11488 77121 93675 77316 28216 61337 61550 28801 78011 61628 29056 29110 45521 78404 29298 12922 45779 62268 29559 29566 45967 13327 29772 95315 13486 29895 95677 46555 95716 79430 13950 95903 14143 96170 63448 63681 14623 14634 96670 47524 14796 64073 80458 15031 64199 64421 64594 48268 31931 48333 81310 15910 81528 65318 48942 

173 718 

61 

174 1732 

16702 82474 17168 887 82812 17363 34031 50495 1369 1399 34286 99924 18325 84155 2387 67967 52264 36275 53267 53617 4930 22395 71793 71877 71878 40376 40701 57740 8674 58245 58329 58535 91349 9616 75186 9802 10141 26801 92563 10819 43657 77096 11700 77815 12321 45624 94783 45759 29496 29527 13155 46215 95502 46978 14930 47728 15751 65076 48948 98145 32655 

175 214 

65563 
49204 
32820 
81993 
82013 
32974 
49389 
49456 
98631 
33202 
49598 
65999 
475 
82414 
66040 
66115 
82515 
82556 
82581 
686 
82636 
99128 
33642 
50055 
99224 
17321 
17333 
66535 
17407 
50187 
1038 
1043 
99384 
66649 
99503 
66769 
66811 
34048 
50474 
66859 
50566 
17842 
34242 
50638 
67083 
34325 
34383 
99920 
67162 
50786 
34531 
83690 
50924 
83737 
83739 
83746 
67391 
18245 
18283 
51105 
34732 
18374 
83928 
51278 
67712 
84208 
84299 
68036 
51729 
68124 
2614 
35531 
68311 
19182 
51967 
68463 
19352 
35739 
19481 
85030 
3157 
52349 
35966 
68808 
52524 
36199 
69044 
85469 
36337 
3599 
85522 
52758 
20004 
3630 
52787 
85706 
69353 
52971 
36652 
85841 
53113 
36730 
69543 
53188 
36831 
86000 
4116 
53287 
36928 
37005 
86212 
20759 
53536 
37172 
20790 
4423 
69978 
4459 
53634 
20872 
53646 
70044 
37328 
37341 
53756 
70170 
70217 
53844 
70240 
70263 
70298 
86691 
37562 
4823 
37595 
54026 
37665 
4926 
70482 
37729 
4983 
5027 
70661 
87054 
87060 
21549 
5214 
87194 
54457 
87254 
87302 
38219 
38245 
38309 
5670 
22063 
71286 
87743 
38608 
22360 
5998 
71550 
71596 
22465 
38938 
88097 
6273 
6277 
22684 
55473 
6485 
39281 
55719 
22953 
88498 
39364 
22993 
39410 
88678 
56018 
23263 
88807 
6888 
23291 
56060 
72446 
6921 
56118 
88955 
23419 
72573 
39833 
89001 
56257 
56285 
89082 
72701 
7277 
56432 
7328 
40098 
7366 
23768 
23769 
56593 
89403 
40347 
24011 
40465 
73237 
40538 
24203 
73385 
57082 
7974 
57160 
40789 
90215 
73904 
90296 
41210 
8558 
41437 
57885 
41510 
90663 
25180 
25210 
8830 
41619 
74465 
8956 
8984 
25620 
25645 
9291 
58507 
25793 
58567 
74953 
74991 
75016 
75079 
26022 
91590 
58936 
42557 
42657 
26293 
59092 
9983 
75561 
42863 
75643 
10111 
42918 
59405 
10341 
59588 
59603 
10461 
59616 
59640 
76041 
43274 
27003 
76175 
27043 
76293 
10812 
60034 
43707 
60137 
43755 
43807 
43834 
76612 
11096 
43872 
93031 
93050 
93065 
93093 
43974 
27614 
44002 
93170 
27636 
11286 
27684 
76845 
76892 
76919 
11413 
27808 
11426 
93350 
27840 
27841 
60697 
11553 
93498 
60757 
11687 
44467 
28107 
11724 
44531 
11789 
44574 
61087 
44792 
44800 
93972 
28526 
77695 
77828 
77847 
77857 
45100 
12376 
12389 
45179 
28798 
77951 
28817 
12536 
78073 
45391 
45404 
45480 
94646 
29154 
94803 
45661 
94829 
94848 
45708 
62131 
62215 
95008 
13115 
62376 
46009 
95179 
29721 
46145 
46156 
62544 
78959 
95370 
29863 
62731 
79161 
79175 
46425 
62828 
13714 
13728 
79268 
79281 
30168 
95709 
95824 
95826 
46802 
46820 
14107 
14139 
63295 
96096 
63363 
63406 
63414 
14266 
47041 
63461 
79943 
47181 
14424 
79994 
96455 
96475 
30995 
80236 
80258 
14763 
31153 
64025 
47642 
80418 
47656 
80526 
47760 
80563 
47891 
31537 
64344 
97121 
80826 
97281 
48143 
15511 
48310 
31958 
48418 
48466 
64950 
48640 
32272 
81428 
97819 
97860 
15966 
16006 
81546 
16059 
65227 
32471 
98025 
98036 
98050 
81691 
81705 
81760 
32669 

176 96143 


177 536 

82070 
33054 
98635 
16948 
17202 
33706 
33829 
17458 
1194 
17664 
99641 
34175 
50808 
1743 
51129 
2077 
51243 
84118 
2227 
68050 
51793 
68355 
35713 
84894 
19394 
68655 
36018 
3283 
3284 
85467 
85562 
69201 
52850 
36888 
69903 
86396 
37246 
37247 
37355 
86645 
70341 
86807 
4889 
4980 
70576 
70581 
70724 
54432 
70826 
70837 
21715 
54557 
22192 
55059 
55122 
71595 
22458 
71644 
55312 
55321 
6216 
39086 
6378 
39157 
6407 
55571 
23224 
6858 
72411 
23436 
23694 
89230 
56582 
56649 
73131 
7691 
73235 
89971 
73892 
24787 
74040 
90587 
8769 
41726 
25343 
58267 
74873 
42126 
9400 
26061 
42513 
9911 
59315 
92091 
75778 
43101 
43715 
60184 
76656 
44099 
60538 
28488 
78049 
78058 
45382 
29158 
45667 
62298 
46130 
29858 
29969 
46386 
46825 
30515 
14167 
96185 
14415 
80085 
31003 
63900 
47590 
80429 
64142 
64383 
97247 
32199 
48599 
32571 
98129 
98188 
65512 
65516 

178 22936 

1 8 46 

179 966 


180 6019 

49683 17370 99687 99919 51396 18925 84669 51943 19948 36378 20128 36694 71197 22059 22501 55517 6542 39495 56263 24232 24339 90238 73943 41234 57648 57947 41575 58767 9761 42631 26624 59867 76662 27513 44136 78000 12782 78347 46634 63524 80052 96563 31514 80690 32250 48904 

181 94 

2 4 
72 

182 70808 


183 37 


184 21223 

16476 32937 82103 65746 16801 33322 82485 33462 17138 99161 82805 17287 17304 33759 17413 66587 33918 50404 1450 1790 1806 51117 51317 68005 68110 68155 35848 3286 85578 85771 3890 3905 53062 69446 86004 4430 21096 4731 37715 21445 54304 70932 54703 6096 71736 88134 22653 22744 22752 6482 55763 88549 88555 55824 39488 39723 72497 56135 23370 72757 56373 56440 72955 40228 7512 23921 40346 23985 73190 73370 89833 57206 73638 90185 90498 74214 41684 74508 74596 58239 91258 42136 25847 75071 25960 9610 75171 58870 75279 91689 42822 10210 26610 10236 92364 43352 10617 10865 76415 76438 93048 76673 93332 44276 11833 77535 93918 61166 28554 28646 78028 29178 62014 12911 29426 95035 62293 13164 95188 78958 79368 79415 63093 63128 63324 46943 96153 96223 80020 96598 31065 80243 80279 96666 31344 80507 96912 31507 15155 31672 31766 31831 31832 15728 81871 65520 

185 294 


186 47371 


187 306 


188 58405 


189 623 


190 27657 


191 257 


192 65756 


193 200 


194 32639 


195 56 


196 91480 


197 946 


198 70676 


199 849 


200 34569 


201 752 


202 53547 


203 636 


204 37945 


205 421 


206 23012 


207 826 


208 38369 


209 646 


210 58109 


211 376 


212 23933 


213 120 


214 70978 


215 861 


216 74730 


217 211 


218 30271 


219 627 


220 58431 


221 691 


222 7362 


223 309 


224 87407 


225 309 


226 20850 


227 585 


228 5395 


229 537 


230 61428 


231 119 


232 82805 


233 828 


234 59254 


235 155 


236 68384 


237 533 


238 42763 


239 12 


240 26106 


241 380 


242 95261 


243 119 


244 28356 


245 151 


246 83919 


247 335 


248 49076 


249 524 


250 53395 


251 506 


252 16826 


253 465 


254 72133 


255 351 


256 69313 


257 864 


258 47876 


259 618 


260 67145 


261 1000 


262 15059 


263 180 


264 51566 


265 180 


266 77215 


267 50 


268 52238 


269 266 


270 30632 


271 617 


272 84767 


273 468 


274 60393 


275 162 


276 98344 


277 626 


278 90287 


279 292 


280 6205 


281 804 


282 78325 


283 819 


284 36735 


285 847 


286 27818 


287 2 


288 75 


289 69889 


290 24 


291 65104 


292 663 


293 71483 


294 952 


295 82610 


296 856 


297 21810 


298 750 


299 30560 


300 125 


301 91127 


302 268 


303 67102 


304 839 


305 31495 


306 640 


307 49772 


308 331 


309 13539 


310 124 


311 41290 


312 957 


313 63786 


314 579 


315 14894 


316 89 


317 92217 


318 556 


319 8819 


320 215 


321 20896 


322 735 


323 3229 


324 364 


325 95865 


326 93 


327 50497 


328 748 


329 79151 


330 269 


331 71007 


332 75 


333 49691 


334 613 


335 4716 


336 875 


337 78983 


338 82 


339 28835 


340 719 


341 82234 


342 574 


343 63621 


344 670 


345 96965 


346 284 


347 28861 


348 56 


349 96635 


350 369 


351 56862 


352 235 


353 66463 


354 844 


355 11177 


356 575 


357 71405 


358 561 


359 36308 


360 646 


361 76208 


362 984 


363 3633 


364 473 


365 83462 


366 119 


367 80508 


368 426 


369 7991 


370 317 


371 87048 


372 141 


373 41963 


374 190 


375 81159 


376 961 


377 59448 


378 160 


379 28993 


380 324 


381 84849 


382 323 


383 69241 


384 523 


385 42106 


386 181 


387 72102 


388 167 


389 65873 


390 758 


391 92616 


392 458 


393 32316 


394 4 


395 67461 


396 724 


397 48077 


398 255 


399 22785 


400 409 


401 41210 


402 41 


403 80647 


404 951 


405 47211 


406 214 


407 94910 


408 999 


409 55019 


410 677 


411 16865 


412 173 


413 41615 


414 932 


415 48993 


416 997 


417 90215 


418 981 


419 85931 


420 882 


421 55275 


422 271 


423 58812 


424 638 


425 86301 


426 471 


427 29756 


428 740 


429 40821 


430 917 


431 64238 


432 285 


433 59336 


434 532 


435 77714 


436 898 


437 50778 


438 985 


439 9055 


440 21 


441 47015 


442 35 


443 69285 


444 898 


445 76684 


446 99 


447 84175 


448 393 


449 21185 


450 327 


451 24124 


452 703 


453 61025 


454 466 


455 42742 


456 62 


457 98280 


458 148 


459 63324 


460 7 


461 32684 


462 957 


463 16859 


464 75 


465 89884 


466 485 


467 13421 


468 796 


469 20458 


470 410 


471 63041 


472 758 


473 35062 


474 601 


475 85224 


476 461 


477 48847 


478 49 


479 32063 


480 580 


481 65296 


482 185 


483 30451 


484 128 


485 63561 


486 585 


487 41753 


488 358 


489 60306 


490 391 


491 83030 


492 253 


493 37909 


494 764 


495 11000 


496 624 


497 91646 


498 827 


499 35899 


500 27 


501 5023 


502 188 


503 9511 


504 986 


505 18063 


506 75 


507 85823 


508 216 


509 43347 


510 70 


511 98410 


512 661 


513 17057 


514 343 


515 89597 


516 653 


517 67900 


518 663 


519 25146 


520 155 


521 14323 


522 131 


523 1580 


524 175 


525 56430 


526 991 


527 81930 


528 88 


529 54053 


530 875 


531 50632 


532 720 


533 173 


534 745 


535 98224 


536 997 


537 35658 


538 621 


539 21515 


540 872 


541 47448 


542 389 


543 45439 


544 479 


545 97556 


546 276 


547 31069 


548 21 


549 78046 


550 99 


551 23185 


552 973 


553 17352 


554 32 


555 13948 


556 890 


557 63846 


558 104 


559 35560 


560 8 


561 34826 


562 397 


563 1491 


564 521 


565 67863 


566 799 


567 78299 


568 120 


569 12242 


570 845 


571 81234 


572 170 


573 55543 


574 857 


575 79584 


576 321 


577 50597 


578 350 


579 10547 


580 535 


581 47708 


582 146 


583 58950 


584 262 


585 69335 


586 695 


587 66632 


588 722 


589 4266 


590 736 


591 80656 


592 963 


593 69689 


594 987 


595 36471 


596 421 


597 23758 


598 272 


599 2023 


600 675 


601 1266 


602 569 


603 58705 


604 164 


605 23749 


606 428 


607 72436 


608 581 


609 30233 


610 374 


611 4024 


612 201 


613 93189 


614 545 


615 99924 


616 723 


617 69772 


618 366 


619 73013 


620 750 


621 6822 


622 412 


623 18267 


624 487 


625 49979 


626 973 


627 37127 


628 150 


629 60271 


630 226 


631 38150 


632 478 


633 78105 


634 132 


635 2681 


636 576 


637 79990 


638 786 


639 6190 


640 828 


641 73717 


642 534 


643 46763 


644 142 


645 99765 


646 47 


647 54937 


648 986 


649 90906 


650 195 


651 79070 


652 315 


653 23165 


654 12 


655 43999 


656 438 


657 60108 


658 648 


659 17175 


660 570 


661 79228 


662 103 


663 88468 


664 529 


665 52082 


666 39 


667 91447 


668 851 


669 22653 


670 520 


671 31104 


672 461 


673 44920 


674 342 


675 96978 


676 965 


677 47777 


678 405 


679 89881 


680 126 


681 25253 


682 240 


683 55023 


684 619 


685 53545 


686 543 


687 9221 


688 693 


689 46985 


690 418 


691 26756 


692 191 


693 48940 


694 570 


695 61987 


696 781 


697 20205 


698 527 


699 76768 


700 128 


701 72709 


702 508 


703 66311 


704 304 


705 19633 


706 459 


707 54510 


708 741 


709 46117 


710 551 


711 49932 


712 723 


713 69725 


714 522 


715 18388 


716 794 


717 22764 


718 431 


719 66338 


720 630 


721 86527 


722 313 


723 93306 


724 134 


725 19408 


726 542 


727 20362 


728 465 


729 81183 


730 395 


731 14429 


732 898 


733 82485 


734 699 


735 26593 


736 832 


737 3660 


738 734 


739 57541 


740 722 


741 72611 


742 429 


743 45845 


744 995 


745 39827 


746 309 


747 22328 


748 252 


749 79235 


750 212 


751 7121 


752 186 


753 62223 


754 555 


755 72163 


756 304 


757 4916 


758 497 


759 61105 


760 519 


761 75460 


762 596 


763 20132 


764 679 


765 38665 


766 274 


767 68004 


768 870 


769 15656 


770 14 


771 85219 


772 604 


773 47351 


774 442 


775 29655 


776 483 


777 85471 


778 799 


779 6253 


780 783 


781 53166 


782 66 


783 10974 


784 903 


785 29254 


786 129 


787 46839 


788 254 


789 1468 


790 737 


791 29628 


792 400 


793 96144 


794 369 


795 66217 


796 813 


797 27146 


798 950 


799 44168 


800 736 


801 36390 


802 491 


803 8022 


804 911 


805 89638 


806 315 


807 26089 


808 165 


809 3228 


810 19 


811 80456 


812 863 


813 89333 


814 245 


815 23646 


816 320 


817 30535 


818 736 


819 34159 


820 697 


821 23681 


822 355 


823 5532 


824 292 


825 42490 


826 909 


827 45962 


828 173 


829 97235 


830 15 


831 77021 


832 884 


833 87885 


834 881 


835 27578 


836 459 


837 80892 


838 610 


839 5562 


840 758 


841 73948 


842 203 


843 99636 


844 145 


845 54115 


846 150 


847 75066 


848 955 


849 20104 


850 147 


851 12056 


852 175 


853 34011 


854 231 


855 12796 


856 785 


857 37953 


858 37 


859 75544 


860 565 


861 30183 


862 722 


863 47676 


864 123 


865 20419 


866 953 


867 10138 


868 22 


869 31747 


870 770 


871 39550 


872 374 


873 15901 


874 598 


875 54786 


876 181 


877 72027 


878 848 


879 2608 


880 843 


881 5867 


882 362 


883 69624 


884 371 


885 91127 


886 680 


887 28271 


888 888 


889 88880 


890 241 


891 24379 


892 327 


893 10297 


894 112 


895 29775 


896 969 


897 33805 


898 23 


899 98694 


900 222 


901 1170 


902 481 


903 18770 


904 532 


905 79501 


906 105 


907 47779 


908 381 


909 93777 


910 715 


911 97089 


912 446 


913 48255 


914 928 


915 9891 


916 798 


917 74158 


918 818 


919 1258 


920 869 


921 47004 


922 629 


923 38580 


924 10 


925 3496 


926 958 


927 57790 


928 212 


929 44060 


930 816 


931 38903 


932 984 


933 26404 


934 616 


935 64231 


936 314 


937 64391 


938 335 


939 45890 


940 14 


941 3483 


942 116 


943 43308 


944 383 


945 34935 


946 326 


947 85884 


948 979 


949 99608 


950 628 


951 4433 


952 779 


953 60058 


954 631 


955 97508 


956 720 


957 39371 


958 550 


959 51484 


960 720 


961 83672 


962 336 


963 58404 


964 621 


965 1482 


966 167 


967 32076 


968 410 


969 64842 


970 533 


971 43835 


972 369 


973 56459 


974 261 


975 98998 


976 953 


977 15450 


978 120 


979 12895 


980 604 


981 58895 


982 925 


983 88128 


984 492 


985 97418 


986 394 


987 68458 


988 668 


989 80688 


990 573 


991 60514 


992 295 


993 93136 


994 500 


995 14285 


996 974 


997 82351 


998 136 


999 13870 


1000 663 


1001 32528 


1002 863 


1003 71814 


1004 886 


1005 17176 


1006 841 


1007 94064 


1008 801 


1009 44419 


1010 620 


1011 69472 


1012 133 


1013 26640 


1014 651 


1015 45321 


1016 371 


1017 17240 


1018 560 


1019 55571 


1020 933 


1021 89500 


1022 779 


1023 87848 


1024 801 


1025 87570 


1026 600 


1027 76165 


1028 117 


1029 76186 


1030 275 


1031 25990 


1032 687 


1033 22334 


1034 845 


1035 5656 


1036 807 


1037 99331 


1038 895 


1039 5501 


1040 126 


1041 16257 


1042 959 


1043 68638 


1044 486 


1045 12097 


1046 895 


1047 32527 


1048 231 


1049 39958 


1050 459 


1051 55418 


1052 419 


1053 72842 


1054 467 


1055 19710 


1056 329 


1057 2331 


1058 496 


1059 77923 


1060 54 


1061 24114 


1062 430 


1063 64361 


1064 373 


1065 39309 


1066 563 


1067 89721 


1068 527 


1069 40868 


1070 234 


1071 77853 


1072 627 


1073 94931 


1074 807 


1075 95440 


1076 306 


1077 465 


1078 128 


1079 63813 


1080 17 


1081 93418 


1082 690 


1083 806 


1084 83 


1085 1263 


1086 520 


1087 93667 


1088 845 


1089 21602 


1090 793 


1091 31382 


1092 342 


1093 97733 


1094 473 


1095 3059 


1096 520 


1097 35481 


1098 403 


1099 85574 


1100 916 


1101 84630 


1102 12 


1103 19646 


1104 809 


1105 83376 


1106 145 


1107 62980 


1108 997 


1109 97730 


1110 863 


1111 92384 


1112 487 


1113 19232 


1114 780 


1115 87544 


1116 302 


1117 97763 


1118 276 


1119 23576 


1120 510 


1121 22418 


1122 715 


1123 96773 


1124 697 


1125 24848 


1126 631 


1127 41063 


1128 27 


1129 11011 


1130 270 


1131 37223 


1132 374 


1133 80424 


1134 131 


1135 38379 


1136 196 


1137 60791 


1138 875 


1139 44810 


1140 270 


1141 7834 


1142 223 


1143 14971 


1144 67 


1145 40908 


1146 518 


1147 76411 


1148 311 


1149 30646 


1150 670 


1151 15888 


1152 957 


1153 32315 


1154 328 


1155 28229 


1156 197 


1157 43902 


1158 845 


1159 9054 


1160 597 


1161 85774 


1162 672 


1163 16738 


1164 992 


1165 91640 


1166 290 


1167 21361 


1168 306 


1169 72772 


1170 460 


1171 3200 


1172 751 


1173 59445 


1174 50 


1175 71549 


1176 391 


1177 64380 


1178 436 


1179 92813 


1180 655 


1181 90027 


1182 78 


1183 35437 


1184 893 


1185 46948 


1186 994 


1187 47866 


1188 87 


1189 83624 


1190 65 


1191 922 


1192 825 


1193 88279 


1194 968 


1195 69675 


1196 524 


1197 33943 


1198 915 


1199 63646 


1200 708 


1201 70698 


1202 988 


1203 18890 


1204 947 


1205 71857 


1206 264 


1207 79485 


1208 402 


1209 63416 


1210 679 


1211 1279 


1212 717 


1213 83676 


1214 131 


1215 70882 


1216 470 


1217 82213 


1218 350 


1219 16643 


1220 85 


1221 8507 


1222 229 


1223 80463 


1224 670 


1225 45639 


1226 605 


1227 77207 


1228 796 


1229 54273 


1230 798 


1231 42938 


1232 149 


1233 79812 


1234 687 


1235 58524 


1236 174 


1237 10067 


1238 441 


1239 994 


1240 675 


1241 28632 


1242 357 


1243 57917 


1244 759 


1245 42831 


1246 565 


1247 85194 


1248 630 


1249 61800 


1250 640 


1251 72351 


1252 959 


1253 44482 


1254 24 


1255 41304 


1256 25 


1257 40469 


1258 411 


1259 94839 


1260 48 


1261 92533 


1262 206 


1263 21342 


1264 676 


1265 84333 


1266 372 


1267 21834 


1268 699 


1269 87684 


1270 884 


1271 74995 


1272 150 


1273 59074 


1274 121 


1275 38352 


1276 740 


1277 39374 


1278 398 


1279 92576 


1280 653 


1281 69830 


1282 223 


1283 89593 


1284 176 


1285 67267 


1286 915 


1287 55099 


1288 431 


1289 30752 


1290 122 


1291 15466 


1292 513 


1293 84721 


1294 770 


1295 9295 


1296 548 


1297 8395 


1298 195 


1299 79879 


1300 451 


1301 1511 


1302 266 


1303 44845 


1304 278 


1305 43454 


1306 192 


1307 96817 


1308 179 


1309 99583 


1310 481 


1311 23901 


1312 895 


1313 12351 


1314 425 


1315 10631 


1316 109 


1317 92102 


1318 265 


1319 72472 


1320 396 


1321 72361 


1322 831 


1323 3138 


1324 355 


1325 31093 


1326 182 


1327 97347 


1328 548 


1329 53071 


1330 644 


1331 5929 


1332 801 


1333 75108 


1334 812 


1335 77980 


1336 514 


1337 38856 


1338 580 


1339 54793 


1340 287 


1341 46446 


1342 911 


1343 91206 


1344 456 


1345 88202 


1346 797 


1347 84128 


1348 553 


1349 89227 


1350 223 


1351 27176 


1352 204 


1353 32933 


1354 840 


1355 86328 


1356 230 


1357 58163 


1358 279 


1359 62063 


1360 872 


1361 87266 


1362 7 


1363 2095 


1364 772 


1365 14387 


1366 294 


1367 3345 


1368 198 


1369 29829 


1370 561 


1371 14405 


1372 159 


1373 91326 


1374 422 


1375 94053 


1376 248 


1377 53118 


1378 924 


1379 71301 


1380 930 


1381 45863 


1382 360 


1383 94380 


1384 597 


1385 32545 


1386 497 


1387 48521 


1388 335 


1389 75119 


1390 998 


1391 20038 


1392 236 


1393 60262 


1394 864 


1395 58480 


1396 597 


1397 43579 


1398 970 


1399 9778 


1400 135 


1401 90390 


1402 468 


1403 56173 


1404 20 


1405 87338 


1406 607 


1407 83676 


1408 972 


1409 94166 


1410 633 


1411 23605 


1412 260 


1413 99949 


1414 791 


1415 92086 


1416 126 


1417 17264 


1418 132 


1419 70171 


1420 427 


1421 20470 


1422 304 


1423 78251 


1424 509 


1425 8916 


1426 328 


1427 46875 


1428 837 


1429 68273 


1430 322 


1431 66561 


1432 897 


1433 35489 


1434 693 


1435 96402 


1436 932 


1437 67335 


1438 870 


1439 7864 


1440 939 


1441 52514 


1442 411 


1443 60898 


1444 667 


1445 67780 


1446 343 


1447 97798 


1448 547 


1449 61600 


1450 388 


1451 70312 


1452 576 


1453 26295 


1454 773 


1455 49463 


1456 480 


1457 89922 


1458 859 


1459 55542 


1460 726 


1461 15868 


1462 233 


1463 42809 


1464 442 


1465 54893 


1466 781 


1467 66135 


1468 549 


1469 6892 


1470 553 


1471 5102 


1472 759 


1473 92759 


1474 676 


1475 76396 


1476 342 


1477 84031 


1478 195 


1479 36946 


1480 600 


1481 18399 


1482 593 


1483 5750 


1484 59 


1485 66414 


1486 918 


1487 73727 


1488 942 


1489 1301 


1490 99 


1491 58230 


1492 774 


1493 33859 


1494 817 


1495 47912 


1496 947 


1497 20617 


1498 195 


1499 26725 


1500 134 


1501 20247 


1502 559 


1503 93302 


1504 937 


1505 13298 


1506 527 


1507 86035 


1508 189 


1509 25549 


1510 744 


1511 2207 


1512 72 


1513 22842 


1514 704 


1515 16843 


1516 742 


1517 42906 


1518 270 


1519 20510 


1520 25 


1521 95034 


1522 19 


1523 55343 


1524 530 


1525 92093 


1526 324 


1527 47156 


1528 343 


1529 41900 


1530 220 


1531 29885 


1532 164 


1533 69588 


1534 757 


1535 24374 


1536 378 


1537 74258 


1538 488 


1539 40460 


1540 66 


1541 41638 


1542 327 


1543 35807 


1544 124 


1545 44241 


1546 112 


1547 11419 


1548 651 


1549 83700 


1550 760 


1551 15639 


1552 841 


1553 11645 


1554 861 


1555 41331 


1556 580 


1557 49856 


1558 912 


1559 19041 


1560 766 


1561 98212 


1562 950 


1563 18417 


1564 179 


1565 7386 


1566 349 


1567 57585 


1568 479 


1569 1940 


1570 457 


1571 28291 


1572 924 


1573 84480 


1574 210 


1575 94164 


1576 691 


1577 25157 


1578 498 


1579 86727 


1580 40 


1581 62081 


1582 109 


1583 908 


1584 391 


1585 51133 


1586 887 


1587 17154 


1588 331 


1589 481 


1590 496 


1591 16972 


1592 663 


1593 35691 


1594 272 


1595 12302 


1596 71 


1597 96360 


1598 837 


1599 38835 


1600 651 


1601 51862 


1602 410 


1603 80826 


1604 154 


1605 53465 


1606 754 


1607 86211 


1608 58 


1609 1520 


1610 232 


1611 75388 


1612 512 


1613 95446 


1614 891 


1615 79729 


1616 555 


1617 45510 


1618 644 


1619 40782 


1620 642 


1621 61387 


1622 93 


1623 13090 


1624 734 


1625 35005 


1626 733 


1627 40071 


1628 621 


1629 19393 


1630 714 


1631 55087 


1632 203 


1633 35723 


1634 889 


1635 15279 


1636 667 


1637 11078 


1638 60 


1639 45701 


1640 810 


1641 74005 


1642 250 


1643 60268 


1644 253 


1645 7656 


1646 519 


1647 73100 


1648 587 


1649 45631 


1650 680 


1651 18447 


1652 879 


1653 34797 


1654 873 


1655 15865 


1656 532 


1657 91071 


1658 857 


1659 76845 


1660 176 


1661 30911 


1662 565 


1663 63258 


1664 426 


1665 15747 


1666 656 


1667 32846 


1668 134 


1669 64134 


1670 440 


1671 85621 


1672 312 


1673 22788 


1674 718 


1675 58522 


1676 423 


1677 78676 


1678 392 


1679 30511 


1680 3 


1681 53547 


1682 587 


1683 37660 


1684 718 


1685 42347 


1686 328 


1687 73427 


1688 945 


1689 21583 


1690 669 


1691 23690 


1692 74 


1693 38844 


1694 460 


1695 45682 


1696 439 


1697 31084 


1698 563 


1699 54311 


1700 241 


1701 57380 


1702 958 


1703 59944 


1704 296 


1705 52344 


1706 632 


1707 18425 


1708 116 


1709 45298 


1710 16 


1711 20892 


1712 736 


1713 35294 


1714 957 


1715 35655 


1716 676 


1717 7308 


1718 373 


1719 85688 


1720 367 


1721 11293 


1722 354 


1723 89688 


1724 696 


1725 17996 


1726 364 


1727 80218 


1728 432 


1729 69537 


1730 901 


1731 9744 


1732 628 


1733 72917 


1734 880 


1735 55836 


1736 889 


1737 93355 


1738 683 


1739 77925 


1740 321 


1741 70017 


1742 742 


1743 20654 


1744 472 


1745 96172 


1746 343 


1747 53558 


1748 561 


1749 87394 


1750 812 


1751 45648 


1752 578 


1753 74633 


1754 300 


1755 8556 


1756 349 


1757 3678 


1758 370 


1759 34290 


1760 182 


1761 26149 


1762 39 


1763 22896 


1764 241 


1765 7920 


1766 908 


1767 46815 


1768 459 


1769 77294 


1770 796 


1771 43518 


1772 177 


1773 50519 


1774 978 


1775 1047 


1776 407 


1777 15457 


1778 626 


1779 43296 


1780 152 


1781 20657 


1782 151 


1783 37675 


1784 177 


1785 83116 


1786 477 


1787 58830 


1788 606 


1789 91406 


1790 421 


1791 27610 


1792 928 


1793 33259 


1794 591 


1795 13471 


1796 785 


1797 75801 


1798 667 


1799 42256 


1800 276 


1801 96013 


1802 715 


1803 2787 


1804 446 


1805 74632 


1806 32 


1807 44885 


1808 134 


1809 32058 


1810 345 


1811 2478 


1812 479 


1813 58163 


1814 78 


1815 29830 


1816 702 


1817 70759 


1818 829 


1819 89863 


1820 465 


1821 43107 


1822 281 


1823 46622 


1824 559 


1825 31969 


1826 327 


1827 31344 


1828 792 


1829 29073 


1830 43 


1831 31754 


1832 143 


1833 6161 


1834 680 


1835 43118 


1836 632 


1837 4886 


1838 92 


1839 98304 


1840 533 


1841 74368 


1842 612 


1843 19343 


1844 605 


1845 92015 


1846 454 


1847 65821 


1848 191 


1849 1693 


1850 355 


1851 91750 


1852 669 


1853 3855 


1854 423 


1855 35658 


1856 594 


1857 47429 


1858 657 


1859 23574 


1860 217 


1861 71831 


1862 561 


1863 96171 


1864 683 


1865 39647 


1866 657 


1867 72074 


1868 384 


1869 74226 


1870 11 


1871 16142 


1872 680 


1873 76125 


1874 975 


1875 95397 


1876 866 


1877 42644 


1878 228 


1879 21602 


1880 789 


1881 10274 


1882 838 


1883 2207 


1884 358 


1885 64336 


1886 381 


1887 38960 


1888 891 


1889 55603 


1890 837 


1891 57314 


1892 27 


1893 73509 


1894 17 


1895 47500 


1896 196 


1897 65300 


1898 450 


1899 62625 


1900 871 


1901 24662 


1902 646 


1903 41760 


1904 994 


1905 6199 


1906 436 


1907 9314 


1908 983 


1909 14346 


1910 968 


1911 82362 


1912 354 


1913 42114 


1914 311 


1915 57798 


1916 554 


1917 50125 


1918 888 


1919 81773 


1920 107 


1921 63708 


1922 601 


1923 663 


1924 914 


1925 49180 


1926 813 


1927 43786 


1928 658 


1929 51625 


1930 338 


1931 20759 


1932 412 


1933 85908 


1934 429 


1935 87969 


1936 479 


1937 34658 


1938 569 


1939 64073 


1940 415 


1941 51901 


1942 968 


1943 30640 


1944 486 


1945 34567 


1946 934 


1947 30690 


1948 57 


1949 52723 


1950 122 


1951 33180 


1952 399 


1953 26056 


1954 172 


1955 55272 


1956 357 


1957 92176 


1958 61 


1959 58535 


1960 882 


1961 60502 


1962 614 


1963 83460 


1964 468 


1965 9164 


1966 239 


1967 41627 


1968 297 


1969 50653 


1970 426 


1971 46145 


1972 527 


1973 91717 


1974 899 


1975 55622 


1976 132 


1977 36888 


1978 46 


1979 26624 


1980 688 


1981 83090 


1982 72 


1983 54269 


1984 855 


1985 98627 


1986 577 


1987 77673 


1988 932 


1989 65895 


1990 682 


1991 41697 


1992 627 


1993 45947 


1994 146 


1995 73638 


1996 766 


1997 41400